''' bash

Started MPI session with number of processes: 8
Started OpenMP session with total number of threads: 16
Rank 0 is allowed to create 2 threads
Rank 1 is allowed to create 2 threads
Rank 2 is allowed to create 2 threads
Rank 3 is allowed to create 2 threads
Rank 4 is allowed to create 2 threads
Rank 5 is allowed to create 2 threads
Rank 6 is allowed to create 2 threads
Rank 7 is allowed to create 2 threads

=== Running Test 1: DIRICHLET SEQUENTIAL (Jacobi) ===
Mesh points (x, y):
(0, 0) (0.142857, 0) (0.285714, 0) (0.428571, 0) (0.571429, 0) (0.714286, 0) (0.857143, 0) (1, 0) 
(0, 0.142857) (0.142857, 0.142857) (0.285714, 0.142857) (0.428571, 0.142857) (0.571429, 0.142857) (0.714286, 0.142857) (0.857143, 0.142857) (1, 0.142857) 
(0, 0.285714) (0.142857, 0.285714) (0.285714, 0.285714) (0.428571, 0.285714) (0.571429, 0.285714) (0.714286, 0.285714) (0.857143, 0.285714) (1, 0.285714) 
(0, 0.428571) (0.142857, 0.428571) (0.285714, 0.428571) (0.428571, 0.428571) (0.571429, 0.428571) (0.714286, 0.428571) (0.857143, 0.428571) (1, 0.428571) 
(0, 0.571429) (0.142857, 0.571429) (0.285714, 0.571429) (0.428571, 0.571429) (0.571429, 0.571429) (0.714286, 0.571429) (0.857143, 0.571429) (1, 0.571429) 
(0, 0.714286) (0.142857, 0.714286) (0.285714, 0.714286) (0.428571, 0.714286) (0.571429, 0.714286) (0.714286, 0.714286) (0.857143, 0.714286) (1, 0.714286) 
(0, 0.857143) (0.142857, 0.857143) (0.285714, 0.857143) (0.428571, 0.857143) (0.571429, 0.857143) (0.714286, 0.857143) (0.857143, 0.857143) (1, 0.857143) 
(0, 1) (0.142857, 1) (0.285714, 1) (0.428571, 1) (0.571429, 1) (0.714286, 1) (0.857143, 1) (1, 1) 
Discrete solution u_h:
0 0 0 0 0 0 0 0 
0 0.191446 0.344974 0.430175 0.430175 0.344974 0.191446 0 
0 0.344974 0.621621 0.775148 0.775148 0.621621 0.344974 0 
0 0.430175 0.775148 0.966594 0.966594 0.775148 0.430175 0 
0 0.430175 0.775148 0.966594 0.966594 0.775148 0.430175 0 
0 0.344974 0.621621 0.775148 0.775148 0.621621 0.344974 0 
0 0.191446 0.344974 0.430175 0.430175 0.344974 0.191446 0 
0 0 0 0 0 0 0 0 
Residue error: 9.15183e-07
Total iterations: 115
Exact solution u_exact:
0 0 0 0 0 0 0 0 
0 0.188255 0.339224 0.423005 0.423005 0.339224 0.188255 5.31354e-17 
0 0.339224 0.61126 0.762229 0.762229 0.61126 0.339224 9.57467e-17 
0 0.423005 0.762229 0.950484 0.950484 0.762229 0.423005 1.19394e-16 
0 0.423005 0.762229 0.950484 0.950484 0.762229 0.423005 1.19394e-16 
0 0.339224 0.61126 0.762229 0.762229 0.61126 0.339224 9.57467e-17 
0 0.188255 0.339224 0.423005 0.423005 0.339224 0.188255 5.31354e-17 
0 5.31354e-17 9.57467e-17 1.19394e-16 1.19394e-16 9.57467e-17 5.31354e-17 1.49976e-32 

=== Running Test 2: NEUMANN SEQUENTIAL (Jacobi) ===
Mesh points (x, y):
(0, 0) (0.142857, 0) (0.285714, 0) (0.428571, 0) (0.571429, 0) (0.714286, 0) (0.857143, 0) (1, 0) 
(0, 0.142857) (0.142857, 0.142857) (0.285714, 0.142857) (0.428571, 0.142857) (0.571429, 0.142857) (0.714286, 0.142857) (0.857143, 0.142857) (1, 0.142857) 
(0, 0.285714) (0.142857, 0.285714) (0.285714, 0.285714) (0.428571, 0.285714) (0.571429, 0.285714) (0.714286, 0.285714) (0.857143, 0.285714) (1, 0.285714) 
(0, 0.428571) (0.142857, 0.428571) (0.285714, 0.428571) (0.428571, 0.428571) (0.571429, 0.428571) (0.714286, 0.428571) (0.857143, 0.428571) (1, 0.428571) 
(0, 0.571429) (0.142857, 0.571429) (0.285714, 0.571429) (0.428571, 0.571429) (0.571429, 0.571429) (0.714286, 0.571429) (0.857143, 0.571429) (1, 0.571429) 
(0, 0.714286) (0.142857, 0.714286) (0.285714, 0.714286) (0.428571, 0.714286) (0.571429, 0.714286) (0.714286, 0.714286) (0.857143, 0.714286) (1, 0.714286) 
(0, 0.857143) (0.142857, 0.857143) (0.285714, 0.857143) (0.428571, 0.857143) (0.571429, 0.857143) (0.714286, 0.857143) (0.857143, 0.857143) (1, 0.857143) 
(0, 1) (0.142857, 1) (0.285714, 1) (0.428571, 1) (0.571429, 1) (0.714286, 1) (0.857143, 1) (1, 1) 
Discrete solution u_h:
1.01695 0.916241 0.634058 0.226293 -0.226293 -0.634058 -0.916241 -1.01695 
0.916241 0.825504 0.571267 0.203883 -0.203883 -0.571267 -0.825504 -0.916241 
0.634058 0.571267 0.395329 0.141091 -0.141091 -0.395329 -0.571267 -0.634058 
0.226293 0.203883 0.141091 0.0503549 -0.0503549 -0.141091 -0.203883 -0.226293 
-0.226293 -0.203883 -0.141091 -0.0503549 0.0503549 0.141091 0.203883 0.226293 
-0.634058 -0.571267 -0.395329 -0.141091 0.141091 0.395329 0.571267 0.634058 
-0.916241 -0.825504 -0.571267 -0.203883 0.203883 0.571267 0.825504 0.916241 
-1.01695 -0.916241 -0.634058 -0.226293 0.226293 0.634058 0.916241 1.01695 
Residue error: 9.55151e-07
Total iterations: 117
Exact solution u_exact:
1 0.900969 0.62349 0.222521 -0.222521 -0.62349 -0.900969 -1 
0.900969 0.811745 0.561745 0.200484 -0.200484 -0.561745 -0.811745 -0.900969 
0.62349 0.561745 0.38874 0.13874 -0.13874 -0.38874 -0.561745 -0.62349 
0.222521 0.200484 0.13874 0.0495156 -0.0495156 -0.13874 -0.200484 -0.222521 
-0.222521 -0.200484 -0.13874 -0.0495156 0.0495156 0.13874 0.200484 0.222521 
-0.62349 -0.561745 -0.38874 -0.13874 0.13874 0.38874 0.561745 0.62349 
-0.900969 -0.811745 -0.561745 -0.200484 0.200484 0.561745 0.811745 0.900969 
-1 -0.900969 -0.62349 -0.222521 0.222521 0.62349 0.900969 1 

=== Running Test 3: ROBIN SEQUENTIAL (Jacobi) ===
Mesh points (x, y):
(0, 0) (0.142857, 0) (0.285714, 0) (0.428571, 0) (0.571429, 0) (0.714286, 0) (0.857143, 0) (1, 0) 
(0, 0.142857) (0.142857, 0.142857) (0.285714, 0.142857) (0.428571, 0.142857) (0.571429, 0.142857) (0.714286, 0.142857) (0.857143, 0.142857) (1, 0.142857) 
(0, 0.285714) (0.142857, 0.285714) (0.285714, 0.285714) (0.428571, 0.285714) (0.571429, 0.285714) (0.714286, 0.285714) (0.857143, 0.285714) (1, 0.285714) 
(0, 0.428571) (0.142857, 0.428571) (0.285714, 0.428571) (0.428571, 0.428571) (0.571429, 0.428571) (0.714286, 0.428571) (0.857143, 0.428571) (1, 0.428571) 
(0, 0.571429) (0.142857, 0.571429) (0.285714, 0.571429) (0.428571, 0.571429) (0.571429, 0.571429) (0.714286, 0.571429) (0.857143, 0.571429) (1, 0.571429) 
(0, 0.714286) (0.142857, 0.714286) (0.285714, 0.714286) (0.428571, 0.714286) (0.571429, 0.714286) (0.714286, 0.714286) (0.857143, 0.714286) (1, 0.714286) 
(0, 0.857143) (0.142857, 0.857143) (0.285714, 0.857143) (0.428571, 0.857143) (0.571429, 0.857143) (0.714286, 0.857143) (0.857143, 0.857143) (1, 0.857143) 
(0, 1) (0.142857, 1) (0.285714, 1) (0.428571, 1) (0.571429, 1) (0.714286, 1) (0.857143, 1) (1, 1) 
Discrete solution u_h:
1.00189 1.15522 1.3321 1.53615 1.77152 2.043 2.35609 2.71709 
1.15522 1.33202 1.53598 1.77126 2.04267 2.35574 2.71681 3.13323 
1.3321 1.53598 1.77119 2.04253 2.35556 2.71664 3.13315 3.61356 
1.53615 1.77126 2.04253 2.3555 2.71656 3.13308 3.61356 4.16782 
1.77152 2.04267 2.35556 2.71656 3.13306 3.61355 4.16785 4.80728 
2.043 2.35574 2.71664 3.13308 3.61355 4.16785 4.80731 5.545 
2.35609 2.71681 3.13315 3.61356 4.16785 4.80731 5.54503 6.39606 
2.71709 3.13323 3.61356 4.16782 4.80728 5.545 6.39606 7.37784 
Residue error: 9.88424e-07
Total iterations: 686
Exact solution u_exact:
1 1.15356 1.33071 1.53506 1.77079 2.04273 2.35642 2.71828 
1.15356 1.33071 1.53506 1.77079 2.04273 2.35642 2.71828 3.13571 
1.33071 1.53506 1.77079 2.04273 2.35642 2.71828 3.13571 3.61725 
1.53506 1.77079 2.04273 2.35642 2.71828 3.13571 3.61725 4.17273 
1.77079 2.04273 2.35642 2.71828 3.13571 3.61725 4.17273 4.81352 
2.04273 2.35642 2.71828 3.13571 3.61725 4.17273 4.81352 5.55271 
2.35642 2.71828 3.13571 3.61725 4.17273 4.81352 5.55271 6.40541 
2.71828 3.13571 3.61725 4.17273 4.81352 5.55271 6.40541 7.38906 

=== Running Test 4: DIRICHLET PARALLEL (Jacobi) ===
Mesh points (x, y):
(0, 0) (0.142857, 0) (0.285714, 0) (0.428571, 0) (0.571429, 0) (0.714286, 0) (0.857143, 0) (1, 0) 
(0, 0.142857) (0.142857, 0.142857) (0.285714, 0.142857) (0.428571, 0.142857) (0.571429, 0.142857) (0.714286, 0.142857) (0.857143, 0.142857) (1, 0.142857) 
(0, 0.285714) (0.142857, 0.285714) (0.285714, 0.285714) (0.428571, 0.285714) (0.571429, 0.285714) (0.714286, 0.285714) (0.857143, 0.285714) (1, 0.285714) 
(0, 0.428571) (0.142857, 0.428571) (0.285714, 0.428571) (0.428571, 0.428571) (0.571429, 0.428571) (0.714286, 0.428571) (0.857143, 0.428571) (1, 0.428571) 
(0, 0.571429) (0.142857, 0.571429) (0.285714, 0.571429) (0.428571, 0.571429) (0.571429, 0.571429) (0.714286, 0.571429) (0.857143, 0.571429) (1, 0.571429) 
(0, 0.714286) (0.142857, 0.714286) (0.285714, 0.714286) (0.428571, 0.714286) (0.571429, 0.714286) (0.714286, 0.714286) (0.857143, 0.714286) (1, 0.714286) 
(0, 0.857143) (0.142857, 0.857143) (0.285714, 0.857143) (0.428571, 0.857143) (0.571429, 0.857143) (0.714286, 0.857143) (0.857143, 0.857143) (1, 0.857143) 
(0, 1) (0.142857, 1) (0.285714, 1) (0.428571, 1) (0.571429, 1) (0.714286, 1) (0.857143, 1) (1, 1) 
Discrete solution u_h:
0 0 0 0 0 0 0 0 
0 0.191446 0.344975 0.430176 0.430176 0.344975 0.191446 0 
0 0.344975 0.621623 0.775151 0.775151 0.621623 0.344975 0 
0 0.430176 0.775151 0.966597 0.966597 0.775151 0.430176 0 
0 0.430176 0.775151 0.966597 0.966597 0.775151 0.430176 0 
0 0.344975 0.621623 0.775151 0.775151 0.621623 0.344975 0 
0 0.191446 0.344975 0.430176 0.430176 0.344975 0.191446 0 
0 0 0 0 0 0 0 0 
Residue error: 9.11056e-07
Total iterations: 121
Exact solution u_exact:
0 0 0 0 0 0 0 0 
0 0.188255 0.339224 0.423005 0.423005 0.339224 0.188255 5.31354e-17 
0 0.339224 0.61126 0.762229 0.762229 0.61126 0.339224 9.57467e-17 
0 0.423005 0.762229 0.950484 0.950484 0.762229 0.423005 1.19394e-16 
0 0.423005 0.762229 0.950484 0.950484 0.762229 0.423005 1.19394e-16 
0 0.339224 0.61126 0.762229 0.762229 0.61126 0.339224 9.57467e-17 
0 0.188255 0.339224 0.423005 0.423005 0.339224 0.188255 5.31354e-17 
0 5.31354e-17 9.57467e-17 1.19394e-16 1.19394e-16 9.57467e-17 5.31354e-17 1.49976e-32 

=== Running Test 5: NEUMANN PARALLEL (Jacobi) ===
Mesh points (x, y):
(0, 0) (0.142857, 0) (0.285714, 0) (0.428571, 0) (0.571429, 0) (0.714286, 0) (0.857143, 0) (1, 0) 
(0, 0.142857) (0.142857, 0.142857) (0.285714, 0.142857) (0.428571, 0.142857) (0.571429, 0.142857) (0.714286, 0.142857) (0.857143, 0.142857) (1, 0.142857) 
(0, 0.285714) (0.142857, 0.285714) (0.285714, 0.285714) (0.428571, 0.285714) (0.571429, 0.285714) (0.714286, 0.285714) (0.857143, 0.285714) (1, 0.285714) 
(0, 0.428571) (0.142857, 0.428571) (0.285714, 0.428571) (0.428571, 0.428571) (0.571429, 0.428571) (0.714286, 0.428571) (0.857143, 0.428571) (1, 0.428571) 
(0, 0.571429) (0.142857, 0.571429) (0.285714, 0.571429) (0.428571, 0.571429) (0.571429, 0.571429) (0.714286, 0.571429) (0.857143, 0.571429) (1, 0.571429) 
(0, 0.714286) (0.142857, 0.714286) (0.285714, 0.714286) (0.428571, 0.714286) (0.571429, 0.714286) (0.714286, 0.714286) (0.857143, 0.714286) (1, 0.714286) 
(0, 0.857143) (0.142857, 0.857143) (0.285714, 0.857143) (0.428571, 0.857143) (0.571429, 0.857143) (0.714286, 0.857143) (0.857143, 0.857143) (1, 0.857143) 
(0, 1) (0.142857, 1) (0.285714, 1) (0.428571, 1) (0.571429, 1) (0.714286, 1) (0.857143, 1) (1, 1) 
Discrete solution u_h:
1.01695 0.916242 0.634059 0.226293 -0.226293 -0.634059 -0.916242 -1.01695 
0.916242 0.825506 0.571268 0.203883 -0.203883 -0.571268 -0.825506 -0.916242 
0.634059 0.571268 0.39533 0.141092 -0.141092 -0.39533 -0.571268 -0.634059 
0.226293 0.203883 0.141092 0.050355 -0.050355 -0.141092 -0.203883 -0.226293 
-0.226293 -0.203883 -0.141092 -0.050355 0.050355 0.141092 0.203883 0.226293 
-0.634059 -0.571268 -0.39533 -0.141092 0.141092 0.39533 0.571268 0.634059 
-0.916242 -0.825506 -0.571268 -0.203883 0.203883 0.571268 0.825506 0.916242 
-1.01695 -0.916242 -0.634059 -0.226293 0.226293 0.634059 0.916242 1.01695 
Residue error: 9.68363e-07
Total iterations: 122
Exact solution u_exact:
1 0.900969 0.62349 0.222521 -0.222521 -0.62349 -0.900969 -1 
0.900969 0.811745 0.561745 0.200484 -0.200484 -0.561745 -0.811745 -0.900969 
0.62349 0.561745 0.38874 0.13874 -0.13874 -0.38874 -0.561745 -0.62349 
0.222521 0.200484 0.13874 0.0495156 -0.0495156 -0.13874 -0.200484 -0.222521 
-0.222521 -0.200484 -0.13874 -0.0495156 0.0495156 0.13874 0.200484 0.222521 
-0.62349 -0.561745 -0.38874 -0.13874 0.13874 0.38874 0.561745 0.62349 
-0.900969 -0.811745 -0.561745 -0.200484 0.200484 0.561745 0.811745 0.900969 
-1 -0.900969 -0.62349 -0.222521 0.222521 0.62349 0.900969 1 

=== Running Test 6: ROBIN PARALLEL (Jacobi) ===
Mesh points (x, y):
(0, 0) (0.142857, 0) (0.285714, 0) (0.428571, 0) (0.571429, 0) (0.714286, 0) (0.857143, 0) (1, 0) 
(0, 0.142857) (0.142857, 0.142857) (0.285714, 0.142857) (0.428571, 0.142857) (0.571429, 0.142857) (0.714286, 0.142857) (0.857143, 0.142857) (1, 0.142857) 
(0, 0.285714) (0.142857, 0.285714) (0.285714, 0.285714) (0.428571, 0.285714) (0.571429, 0.285714) (0.714286, 0.285714) (0.857143, 0.285714) (1, 0.285714) 
(0, 0.428571) (0.142857, 0.428571) (0.285714, 0.428571) (0.428571, 0.428571) (0.571429, 0.428571) (0.714286, 0.428571) (0.857143, 0.428571) (1, 0.428571) 
(0, 0.571429) (0.142857, 0.571429) (0.285714, 0.571429) (0.428571, 0.571429) (0.571429, 0.571429) (0.714286, 0.571429) (0.857143, 0.571429) (1, 0.571429) 
(0, 0.714286) (0.142857, 0.714286) (0.285714, 0.714286) (0.428571, 0.714286) (0.571429, 0.714286) (0.714286, 0.714286) (0.857143, 0.714286) (1, 0.714286) 
(0, 0.857143) (0.142857, 0.857143) (0.285714, 0.857143) (0.428571, 0.857143) (0.571429, 0.857143) (0.714286, 0.857143) (0.857143, 0.857143) (1, 0.857143) 
(0, 1) (0.142857, 1) (0.285714, 1) (0.428571, 1) (0.571429, 1) (0.714286, 1) (0.857143, 1) (1, 1) 
Discrete solution u_h:
1.0019 1.15523 1.33211 1.53616 1.77152 2.04301 2.3561 2.7171 
1.15523 1.33203 1.53599 1.77127 2.04268 2.35575 2.71682 3.13324 
1.33211 1.53599 1.7712 2.04254 2.35557 2.71665 3.13316 3.61357 
1.53616 1.77127 2.04254 2.35551 2.71657 3.13309 3.61357 4.16782 
1.77152 2.04268 2.35557 2.71657 3.13307 3.61356 4.16786 4.80729 
2.04301 2.35575 2.71665 3.13309 3.61356 4.16786 4.80732 5.54501 
2.3561 2.71682 3.13316 3.61357 4.16786 4.80732 5.54503 6.39607 
2.7171 3.13324 3.61357 4.16782 4.80729 5.54501 6.39607 7.37785 
Residue error: 9.99167e-07
Total iterations: 716
Exact solution u_exact:
1 1.15356 1.33071 1.53506 1.77079 2.04273 2.35642 2.71828 
1.15356 1.33071 1.53506 1.77079 2.04273 2.35642 2.71828 3.13571 
1.33071 1.53506 1.77079 2.04273 2.35642 2.71828 3.13571 3.61725 
1.53506 1.77079 2.04273 2.35642 2.71828 3.13571 3.61725 4.17273 
1.77079 2.04273 2.35642 2.71828 3.13571 3.61725 4.17273 4.81352 
2.04273 2.35642 2.71828 3.13571 3.61725 4.17273 4.81352 5.55271 
2.35642 2.71828 3.13571 3.61725 4.17273 4.81352 5.55271 6.40541 
2.71828 3.13571 3.61725 4.17273 4.81352 5.55271 6.40541 7.38906 

=== Running Test 7: DIRICHLET PARALLEL (Schwarz) ===
Mesh points (x, y):
(0, 0) (0.142857, 0) (0.285714, 0) (0.428571, 0) (0.571429, 0) (0.714286, 0) (0.857143, 0) (1, 0) 
(0, 0.142857) (0.142857, 0.142857) (0.285714, 0.142857) (0.428571, 0.142857) (0.571429, 0.142857) (0.714286, 0.142857) (0.857143, 0.142857) (1, 0.142857) 
(0, 0.285714) (0.142857, 0.285714) (0.285714, 0.285714) (0.428571, 0.285714) (0.571429, 0.285714) (0.714286, 0.285714) (0.857143, 0.285714) (1, 0.285714) 
(0, 0.428571) (0.142857, 0.428571) (0.285714, 0.428571) (0.428571, 0.428571) (0.571429, 0.428571) (0.714286, 0.428571) (0.857143, 0.428571) (1, 0.428571) 
(0, 0.571429) (0.142857, 0.571429) (0.285714, 0.571429) (0.428571, 0.571429) (0.571429, 0.571429) (0.714286, 0.571429) (0.857143, 0.571429) (1, 0.571429) 
(0, 0.714286) (0.142857, 0.714286) (0.285714, 0.714286) (0.428571, 0.714286) (0.571429, 0.714286) (0.714286, 0.714286) (0.857143, 0.714286) (1, 0.714286) 
(0, 0.857143) (0.142857, 0.857143) (0.285714, 0.857143) (0.428571, 0.857143) (0.571429, 0.857143) (0.714286, 0.857143) (0.857143, 0.857143) (1, 0.857143) 
(0, 1) (0.142857, 1) (0.285714, 1) (0.428571, 1) (0.571429, 1) (0.714286, 1) (0.857143, 1) (1, 1) 
Discrete solution u_h:
0 0 0 0 0 0 0 0 
0 0.191446 0.344975 0.430176 0.430176 0.344975 0.191446 0 
0 0.344975 0.621623 0.775151 0.775151 0.621623 0.344975 0 
0 0.430176 0.775151 0.966597 0.966597 0.775151 0.430176 0 
0 0.430176 0.775151 0.966597 0.966597 0.775151 0.430176 0 
0 0.344975 0.621623 0.775151 0.775151 0.621623 0.344975 0 
0 0.191446 0.344975 0.430176 0.430176 0.344975 0.191446 0 
0 0 0 0 0 0 0 0 
Residue error: 8.90472e-07
Total iterations: 64
Exact solution u_exact:
0 0 0 0 0 0 0 0 
0 0.188255 0.339224 0.423005 0.423005 0.339224 0.188255 5.31354e-17 
0 0.339224 0.61126 0.762229 0.762229 0.61126 0.339224 9.57467e-17 
0 0.423005 0.762229 0.950484 0.950484 0.762229 0.423005 1.19394e-16 
0 0.423005 0.762229 0.950484 0.950484 0.762229 0.423005 1.19394e-16 
0 0.339224 0.61126 0.762229 0.762229 0.61126 0.339224 9.57467e-17 
0 0.188255 0.339224 0.423005 0.423005 0.339224 0.188255 5.31354e-17 
0 5.31354e-17 9.57467e-17 1.19394e-16 1.19394e-16 9.57467e-17 5.31354e-17 1.49976e-32 

=== Running Test 8: NEUMANN PARALLEL (Schwarz) ===
Mesh points (x, y):
(0, 0) (0.142857, 0) (0.285714, 0) (0.428571, 0) (0.571429, 0) (0.714286, 0) (0.857143, 0) (1, 0) 
(0, 0.142857) (0.142857, 0.142857) (0.285714, 0.142857) (0.428571, 0.142857) (0.571429, 0.142857) (0.714286, 0.142857) (0.857143, 0.142857) (1, 0.142857) 
(0, 0.285714) (0.142857, 0.285714) (0.285714, 0.285714) (0.428571, 0.285714) (0.571429, 0.285714) (0.714286, 0.285714) (0.857143, 0.285714) (1, 0.285714) 
(0, 0.428571) (0.142857, 0.428571) (0.285714, 0.428571) (0.428571, 0.428571) (0.571429, 0.428571) (0.714286, 0.428571) (0.857143, 0.428571) (1, 0.428571) 
(0, 0.571429) (0.142857, 0.571429) (0.285714, 0.571429) (0.428571, 0.571429) (0.571429, 0.571429) (0.714286, 0.571429) (0.857143, 0.571429) (1, 0.571429) 
(0, 0.714286) (0.142857, 0.714286) (0.285714, 0.714286) (0.428571, 0.714286) (0.571429, 0.714286) (0.714286, 0.714286) (0.857143, 0.714286) (1, 0.714286) 
(0, 0.857143) (0.142857, 0.857143) (0.285714, 0.857143) (0.428571, 0.857143) (0.571429, 0.857143) (0.714286, 0.857143) (0.857143, 0.857143) (1, 0.857143) 
(0, 1) (0.142857, 1) (0.285714, 1) (0.428571, 1) (0.571429, 1) (0.714286, 1) (0.857143, 1) (1, 1) 
Discrete solution u_h:
1.01695 0.916243 0.63406 0.226293 -0.226293 -0.63406 -0.916243 -1.01695 
0.916243 0.825506 0.571268 0.203883 -0.203883 -0.571268 -0.825506 -0.916243 
0.63406 0.571268 0.39533 0.141092 -0.141092 -0.39533 -0.571268 -0.63406 
0.226293 0.203883 0.141092 0.050355 -0.050355 -0.141092 -0.203883 -0.226293 
-0.226293 -0.203883 -0.141092 -0.050355 0.050355 0.141092 0.203883 0.226293 
-0.63406 -0.571268 -0.39533 -0.141092 0.141092 0.39533 0.571268 0.63406 
-0.916243 -0.825506 -0.571268 -0.203883 0.203883 0.571268 0.825506 0.916243 
-1.01695 -0.916243 -0.63406 -0.226293 0.226293 0.63406 0.916243 1.01695 
Residue error: 9.38636e-07
Total iterations: 65
Exact solution u_exact:
1 0.900969 0.62349 0.222521 -0.222521 -0.62349 -0.900969 -1 
0.900969 0.811745 0.561745 0.200484 -0.200484 -0.561745 -0.811745 -0.900969 
0.62349 0.561745 0.38874 0.13874 -0.13874 -0.38874 -0.561745 -0.62349 
0.222521 0.200484 0.13874 0.0495156 -0.0495156 -0.13874 -0.200484 -0.222521 
-0.222521 -0.200484 -0.13874 -0.0495156 0.0495156 0.13874 0.200484 0.222521 
-0.62349 -0.561745 -0.38874 -0.13874 0.13874 0.38874 0.561745 0.62349 
-0.900969 -0.811745 -0.561745 -0.200484 0.200484 0.561745 0.811745 0.900969 
-1 -0.900969 -0.62349 -0.222521 0.222521 0.62349 0.900969 1 

=== Running Test 9: ROBIN PARALLEL (Schwarz) ===
Mesh points (x, y):
(0, 0) (0.142857, 0) (0.285714, 0) (0.428571, 0) (0.571429, 0) (0.714286, 0) (0.857143, 0) (1, 0) 
(0, 0.142857) (0.142857, 0.142857) (0.285714, 0.142857) (0.428571, 0.142857) (0.571429, 0.142857) (0.714286, 0.142857) (0.857143, 0.142857) (1, 0.142857) 
(0, 0.285714) (0.142857, 0.285714) (0.285714, 0.285714) (0.428571, 0.285714) (0.571429, 0.285714) (0.714286, 0.285714) (0.857143, 0.285714) (1, 0.285714) 
(0, 0.428571) (0.142857, 0.428571) (0.285714, 0.428571) (0.428571, 0.428571) (0.571429, 0.428571) (0.714286, 0.428571) (0.857143, 0.428571) (1, 0.428571) 
(0, 0.571429) (0.142857, 0.571429) (0.285714, 0.571429) (0.428571, 0.571429) (0.571429, 0.571429) (0.714286, 0.571429) (0.857143, 0.571429) (1, 0.571429) 
(0, 0.714286) (0.142857, 0.714286) (0.285714, 0.714286) (0.428571, 0.714286) (0.571429, 0.714286) (0.714286, 0.714286) (0.857143, 0.714286) (1, 0.714286) 
(0, 0.857143) (0.142857, 0.857143) (0.285714, 0.857143) (0.428571, 0.857143) (0.571429, 0.857143) (0.714286, 0.857143) (0.857143, 0.857143) (1, 0.857143) 
(0, 1) (0.142857, 1) (0.285714, 1) (0.428571, 1) (0.571429, 1) (0.714286, 1) (0.857143, 1) (1, 1) 
Discrete solution u_h:
1.0019 1.15523 1.33211 1.53616 1.77153 2.04301 2.3561 2.7171 
1.15523 1.33203 1.53599 1.77127 2.04268 2.35575 2.71682 3.13324 
1.33211 1.53599 1.7712 2.04254 2.35557 2.71665 3.13316 3.61357 
1.53616 1.77127 2.04254 2.35551 2.71657 3.13309 3.61357 4.16783 
1.77153 2.04269 2.35557 2.71657 3.13307 3.61356 4.16786 4.80729 
2.04301 2.35575 2.71665 3.13309 3.61356 4.16786 4.80732 5.54501 
2.3561 2.71682 3.13316 3.61357 4.16786 4.80732 5.54504 6.39607 
2.7171 3.13324 3.61357 4.16783 4.80729 5.54501 6.39607 7.37785 
Residue error: 9.78087e-07
Total iterations: 367
Exact solution u_exact:
1 1.15356 1.33071 1.53506 1.77079 2.04273 2.35642 2.71828 
1.15356 1.33071 1.53506 1.77079 2.04273 2.35642 2.71828 3.13571 
1.33071 1.53506 1.77079 2.04273 2.35642 2.71828 3.13571 3.61725 
1.53506 1.77079 2.04273 2.35642 2.71828 3.13571 3.61725 4.17273 
1.77079 2.04273 2.35642 2.71828 3.13571 3.61725 4.17273 4.81352 
2.04273 2.35642 2.71828 3.13571 3.61725 4.17273 4.81352 5.55271 
2.35642 2.71828 3.13571 3.61725 4.17273 4.81352 5.55271 6.40541 
2.71828 3.13571 3.61725 4.17273 4.81352 5.55271 6.40541 7.38906 

=== Running Test 10: DIRICHLET SEQUENTIAL vs PARALLEL (Jacobi) ===
Refinement Level (n) | L2 Error (Serial) | L2 Error (Parallel) | Iterations (Serial) | Iterations (Parallel) | Time (ms, Serial) | Time (ms, Parallel) | Speedup
8 | 0.0224216 | 0.0224255 | 115 | 121 | 2.40076 | 1.13128 | 2.12217
16 | 0.00705013 | 0.00706326 | 484 | 500 | 44.3479 | 7.06044 | 6.28118
32 | 0.00219087 | 0.00222594 | 1862 | 1901 | 777.446 | 86.8282 | 8.95385
64 | 1.92326e-05 | 0.000104304 | 6838 | 6928 | 11101.4 | 1370.02 | 8.1031
128 | 0.00297931 | 0.00279292 | 24357 | 24549 | 159560 | 17398.3 | 9.17099

=== Running Test 11: NEUMANN SEQUENTIAL vs PARALLEL (Jacobi) ===
Refinement Level (n) | L2 Error (Serial) | L2 Error (Parallel) | Iterations (Serial) | Iterations (Parallel) | Time (ms, Serial) | Time (ms, Parallel) | Speedup
8 | 0.0288298 | 0.0288333 | 117 | 122 | 3.99877 | 2.07409 | 1.92797
16 | 0.00799538 | 0.00800728 | 489 | 503 | 58.4555 | 13.6463 | 4.2836
32 | 0.00234451 | 0.00237297 | 1874 | 1905 | 774.128 | 142.353 | 5.43808
64 | 4.52179e-05 | 0.00011221 | 6863 | 6933 | 13048.7 | 1759.86 | 7.41465
128 | 0.00297485 | 0.00283212 | 24408 | 24554 | 177568 | 21037.6 | 8.44049

=== Running Test 12: ROBIN SEQUENTIAL vs PARALLEL (Jacobi) ===
Refinement Level (n) | L2 Error (Serial) | L2 Error (Parallel) | Iterations (Serial) | Iterations (Parallel) | Time (ms, Serial) | Time (ms, Parallel) | Speedup
8 | 0.0114873 | 0.0114742 | 686 | 716 | 22.9998 | 15.6993 | 1.46502
16 | 0.00338568 | 0.00333754 | 2826 | 2916 | 342.203 | 62.5608 | 5.46993
32 | 0.00192132 | 0.00174562 | 10813 | 11029 | 4583.23 | 741.166 | 6.18382
64 | 0.00486434 | 0.0044083 | 39654 | 40135 | 67747.4 | 8616 | 7.86298
128 | 0.166917 | 0.166917 | 100000 | 100000 | 676104 | 75082.2 | 9.00484

=== Running Test 13: DIRICHLET SEQUENTIAL vs PARALLEL (Schwarz) ===
Refinement Level (n) | L2 Error (Serial) | L2 Error (Parallel) | Iterations (Serial) | Iterations (Parallel) | Time (ms, Serial) | Time (ms, Parallel) | Speedup
8 | 0.0224216 | 0.0224259 | 115 | 64 | 2.50232 | 9.05506 | 0.276345
16 | 0.00705013 | 0.0070833 | 484 | 149 | 46.2408 | 16.6669 | 2.77441
32 | 0.00219087 | 0.00234987 | 1862 | 394 | 655.718 | 157.557 | 4.1618
64 | 1.92326e-05 | 0.000711865 | 6838 | 1175 | 11144.3 | 1930.87 | 5.77168
128 | 0.00297931 | 0.000102604 | 24357 | 3743 | 165416 | 23862.7 | 6.932

=== Running Test 14: NEUMANN SEQUENTIAL vs PARALLEL (Schwarz) ===
Refinement Level (n) | L2 Error (Serial) | L2 Error (Parallel) | Iterations (Serial) | Iterations (Parallel) | Time (ms, Serial) | Time (ms, Parallel) | Speedup
8 | 0.0288298 | 0.0288342 | 117 | 65 | 5.40727 | 10.0045 | 0.540483
16 | 0.00799538 | 0.00802948 | 489 | 137 | 70.1058 | 24.9046 | 2.81497
32 | 0.00234451 | 0.00250702 | 1874 | 367 | 847.545 | 211.36 | 4.00995
64 | 4.52179e-05 | 0.000744086 | 6863 | 1112 | 12700.1 | 2398.64 | 5.29471
128 | 0.00297485 | 8.27345e-05 | 24408 | 3621 | 179651 | 25802.3 | 6.96259

=== Running Test 15: ROBIN SEQUENTIAL vs PARALLEL (Schwarz) ===
Refinement Level (n) | L2 Error (Serial) | L2 Error (Parallel) | Iterations (Serial) | Iterations (Parallel) | Time (ms, Serial) | Time (ms, Parallel) | Speedup
8 | 0.0114873 | 0.0114708 | 686 | 367 | 21.4257 | 28.2715 | 0.757855
16 | 0.00338568 | 0.00326322 | 2826 | 819 | 338.396 | 157.61 | 2.14704
32 | 0.00192132 | 0.00114779 | 10813 | 2202 | 4561.98 | 1253.66 | 3.63893
64 | 0.00486434 | 0.000881327 | 39654 | 6642 | 64665.1 | 12719.8 | 5.0838
128 | 0.166917 | 0.00229855 | 100000 | 21376 | 663130 | 150262 | 4.41316

=== Running Test 16: DIRICHLET SEQUENTIAL (Jacobi) ===
Mesh points (x, y):
(0, 0) (0.142857, 0) (0.285714, 0) (0.428571, 0) (0.571429, 0) (0.714286, 0) (0.857143, 0) (1, 0) 
(0, 0.142857) (0.142857, 0.142857) (0.285714, 0.142857) (0.428571, 0.142857) (0.571429, 0.142857) (0.714286, 0.142857) (0.857143, 0.142857) (1, 0.142857) 
(0, 0.285714) (0.142857, 0.285714) (0.285714, 0.285714) (0.428571, 0.285714) (0.571429, 0.285714) (0.714286, 0.285714) (0.857143, 0.285714) (1, 0.285714) 
(0, 0.428571) (0.142857, 0.428571) (0.285714, 0.428571) (0.428571, 0.428571) (0.571429, 0.428571) (0.714286, 0.428571) (0.857143, 0.428571) (1, 0.428571) 
(0, 0.571429) (0.142857, 0.571429) (0.285714, 0.571429) (0.428571, 0.571429) (0.571429, 0.571429) (0.714286, 0.571429) (0.857143, 0.571429) (1, 0.571429) 
(0, 0.714286) (0.142857, 0.714286) (0.285714, 0.714286) (0.428571, 0.714286) (0.571429, 0.714286) (0.714286, 0.714286) (0.857143, 0.714286) (1, 0.714286) 
(0, 0.857143) (0.142857, 0.857143) (0.285714, 0.857143) (0.428571, 0.857143) (0.571429, 0.857143) (0.714286, 0.857143) (0.857143, 0.857143) (1, 0.857143) 
(0, 1) (0.142857, 1) (0.285714, 1) (0.428571, 1) (0.571429, 1) (0.714286, 1) (0.857143, 1) (1, 1) 
Discrete solution u_h:
1 1.14286 1.28571 1.42857 1.57143 1.71429 1.85714 2 
1.14286 1.29154 1.44606 1.60641 1.77259 1.9446 2.12245 2.30612 
1.28571 1.44606 1.61807 1.80174 1.99708 2.20408 2.42274 2.65306 
1.42857 1.60641 1.80174 2.01457 2.24489 2.49271 2.75801 3.04082 
1.57143 1.77259 1.99708 2.24489 2.51603 2.81049 3.12828 3.46939 
1.71429 1.9446 2.20408 2.49271 2.81049 3.15743 3.53353 3.93878 
1.85714 2.12245 2.42274 2.75801 3.12828 3.53353 3.97376 4.44898 
2 2.30612 2.65306 3.04082 3.46939 3.93878 4.44898 5 
Residue error: 9.25545e-07
Total iterations: 127
Exact solution u_exact:
1 1.14286 1.28571 1.42857 1.57143 1.71429 1.85714 2 
1.14286 1.29155 1.44606 1.60641 1.77259 1.94461 2.12245 2.30612 
1.28571 1.44606 1.61808 1.80175 1.99708 2.20408 2.42274 2.65306 
1.42857 1.60641 1.80175 2.01458 2.2449 2.49271 2.75802 3.04082 
1.57143 1.77259 1.99708 2.2449 2.51603 2.8105 3.12828 3.46939 
1.71429 1.94461 2.20408 2.49271 2.8105 3.15743 3.53353 3.93878 
1.85714 2.12245 2.42274 2.75802 3.12828 3.53353 3.97376 4.44898 
2 2.30612 2.65306 3.04082 3.46939 3.93878 4.44898 5 

=== Running Test 17: NEUMANN SEQUENTIAL (Jacobi) ===
Mesh points (x, y):
(0, 0) (0.142857, 0) (0.285714, 0) (0.428571, 0) (0.571429, 0) (0.714286, 0) (0.857143, 0) (1, 0) 
(0, 0.142857) (0.142857, 0.142857) (0.285714, 0.142857) (0.428571, 0.142857) (0.571429, 0.142857) (0.714286, 0.142857) (0.857143, 0.142857) (1, 0.142857) 
(0, 0.285714) (0.142857, 0.285714) (0.285714, 0.285714) (0.428571, 0.285714) (0.571429, 0.285714) (0.714286, 0.285714) (0.857143, 0.285714) (1, 0.285714) 
(0, 0.428571) (0.142857, 0.428571) (0.285714, 0.428571) (0.428571, 0.428571) (0.571429, 0.428571) (0.714286, 0.428571) (0.857143, 0.428571) (1, 0.428571) 
(0, 0.571429) (0.142857, 0.571429) (0.285714, 0.571429) (0.428571, 0.571429) (0.571429, 0.571429) (0.714286, 0.571429) (0.857143, 0.571429) (1, 0.571429) 
(0, 0.714286) (0.142857, 0.714286) (0.285714, 0.714286) (0.428571, 0.714286) (0.571429, 0.714286) (0.714286, 0.714286) (0.857143, 0.714286) (1, 0.714286) 
(0, 0.857143) (0.142857, 0.857143) (0.285714, 0.857143) (0.428571, 0.857143) (0.571429, 0.857143) (0.714286, 0.857143) (0.857143, 0.857143) (1, 0.857143) 
(0, 1) (0.142857, 1) (0.285714, 1) (0.428571, 1) (0.571429, 1) (0.714286, 1) (0.857143, 1) (1, 1) 
Discrete solution u_h:
-1.33694 -1.19367 -1.05123 -0.907955 -0.765514 -0.622241 -0.4798 -0.336526 
-1.19367 -1.0454 -0.890462 -0.730529 -0.563932 -0.392337 -0.214077 -0.0308205 
-1.05123 -0.890462 -0.718867 -0.534777 -0.339858 -0.132445 0.0857976 0.316535 
-0.907955 -0.730529 -0.534777 -0.322366 -0.0916285 0.155768 0.421491 0.703873 
-0.765514 -0.563932 -0.339858 -0.0916285 0.179092 0.473969 0.791337 1.13286 
-0.622241 -0.392337 -0.132445 0.155768 0.473969 0.820491 1.197 1.60183 
-0.4798 -0.214077 0.0857976 0.421491 0.791337 1.197 1.63682 2.11245 
-0.336526 -0.0308205 0.316535 0.703873 1.13286 1.60183 2.11245 2.66306 
Residue error: 0.0617213
Total iterations: 100000
Exact solution u_exact:
1 1.14286 1.28571 1.42857 1.57143 1.71429 1.85714 2 
1.14286 1.29155 1.44606 1.60641 1.77259 1.94461 2.12245 2.30612 
1.28571 1.44606 1.61808 1.80175 1.99708 2.20408 2.42274 2.65306 
1.42857 1.60641 1.80175 2.01458 2.2449 2.49271 2.75802 3.04082 
1.57143 1.77259 1.99708 2.2449 2.51603 2.8105 3.12828 3.46939 
1.71429 1.94461 2.20408 2.49271 2.8105 3.15743 3.53353 3.93878 
1.85714 2.12245 2.42274 2.75802 3.12828 3.53353 3.97376 4.44898 
2 2.30612 2.65306 3.04082 3.46939 3.93878 4.44898 5 

=== Running Test 18: ROBIN SEQUENTIAL (Jacobi) ===
Mesh points (x, y):
(0, 0) (0.142857, 0) (0.285714, 0) (0.428571, 0) (0.571429, 0) (0.714286, 0) (0.857143, 0) (1, 0) 
(0, 0.142857) (0.142857, 0.142857) (0.285714, 0.142857) (0.428571, 0.142857) (0.571429, 0.142857) (0.714286, 0.142857) (0.857143, 0.142857) (1, 0.142857) 
(0, 0.285714) (0.142857, 0.285714) (0.285714, 0.285714) (0.428571, 0.285714) (0.571429, 0.285714) (0.714286, 0.285714) (0.857143, 0.285714) (1, 0.285714) 
(0, 0.428571) (0.142857, 0.428571) (0.285714, 0.428571) (0.428571, 0.428571) (0.571429, 0.428571) (0.714286, 0.428571) (0.857143, 0.428571) (1, 0.428571) 
(0, 0.571429) (0.142857, 0.571429) (0.285714, 0.571429) (0.428571, 0.571429) (0.571429, 0.571429) (0.714286, 0.571429) (0.857143, 0.571429) (1, 0.571429) 
(0, 0.714286) (0.142857, 0.714286) (0.285714, 0.714286) (0.428571, 0.714286) (0.571429, 0.714286) (0.714286, 0.714286) (0.857143, 0.714286) (1, 0.714286) 
(0, 0.857143) (0.142857, 0.857143) (0.285714, 0.857143) (0.428571, 0.857143) (0.571429, 0.857143) (0.714286, 0.857143) (0.857143, 0.857143) (1, 0.857143) 
(0, 1) (0.142857, 1) (0.285714, 1) (0.428571, 1) (0.571429, 1) (0.714286, 1) (0.857143, 1) (1, 1) 
Discrete solution u_h:
-0.00190863 0.42639 0.85179 1.27145 1.68264 2.08282 2.46967 2.84115 
0.569248 0.994667 1.41433 1.82553 2.22569 2.61251 2.98393 3.33822 
1.1375 1.55719 1.96839 2.36856 2.75536 3.12675 3.48098 3.81667 
1.70002 2.11124 2.51141 2.89821 3.26959 3.62379 3.95944 4.27551 
2.25407 2.65427 3.04107 3.41244 3.76664 4.10226 4.4183 4.71415 
2.79711 3.18394 3.55532 3.90951 4.24512 4.56114 4.85696 5.13238 
3.32681 3.69822 4.05241 4.38801 4.70402 4.99982 5.27522 5.53041 
3.84115 4.19536 4.53095 4.84694 5.14272 5.41809 5.67327 5.90887 
Residue error: 9.87596e-07
Total iterations: 693
Exact solution u_exact:
0 0.428086 0.853271 1.27271 1.68369 2.08365 2.47026 2.84147 
0.570943 0.996129 1.41557 1.82655 2.22651 2.61312 2.98433 3.33839 
1.13899 1.55843 1.96941 2.36936 2.75598 3.12719 3.48125 3.81678 
1.70129 2.11226 2.51222 2.89883 3.27004 3.62411 3.95964 4.27562 
2.25512 2.65508 3.04169 3.4129 3.76697 4.1025 4.41847 4.71429 
2.79794 3.18455 3.55576 3.90982 4.24535 4.56133 4.85714 5.13258 
3.3274 3.69861 4.05268 4.38821 4.70419 5 5.27544 5.53071 
3.84147 4.19554 4.53107 4.84705 5.14286 5.41829 5.67357 5.9093 

=== Running Test 19: DIRICHLET PARALLEL (Jacobi) ===
Mesh points (x, y):
(0, 0) (0.142857, 0) (0.285714, 0) (0.428571, 0) (0.571429, 0) (0.714286, 0) (0.857143, 0) (1, 0) 
(0, 0.142857) (0.142857, 0.142857) (0.285714, 0.142857) (0.428571, 0.142857) (0.571429, 0.142857) (0.714286, 0.142857) (0.857143, 0.142857) (1, 0.142857) 
(0, 0.285714) (0.142857, 0.285714) (0.285714, 0.285714) (0.428571, 0.285714) (0.571429, 0.285714) (0.714286, 0.285714) (0.857143, 0.285714) (1, 0.285714) 
(0, 0.428571) (0.142857, 0.428571) (0.285714, 0.428571) (0.428571, 0.428571) (0.571429, 0.428571) (0.714286, 0.428571) (0.857143, 0.428571) (1, 0.428571) 
(0, 0.571429) (0.142857, 0.571429) (0.285714, 0.571429) (0.428571, 0.571429) (0.571429, 0.571429) (0.714286, 0.571429) (0.857143, 0.571429) (1, 0.571429) 
(0, 0.714286) (0.142857, 0.714286) (0.285714, 0.714286) (0.428571, 0.714286) (0.571429, 0.714286) (0.714286, 0.714286) (0.857143, 0.714286) (1, 0.714286) 
(0, 0.857143) (0.142857, 0.857143) (0.285714, 0.857143) (0.428571, 0.857143) (0.571429, 0.857143) (0.714286, 0.857143) (0.857143, 0.857143) (1, 0.857143) 
(0, 1) (0.142857, 1) (0.285714, 1) (0.428571, 1) (0.571429, 1) (0.714286, 1) (0.857143, 1) (1, 1) 
Discrete solution u_h:
1 1.14286 1.28571 1.42857 1.57143 1.71429 1.85714 2 
1.14286 1.29154 1.44606 1.60641 1.77259 1.94461 2.12245 2.30612 
1.28571 1.44606 1.61807 1.80175 1.99708 2.20408 2.42274 2.65306 
1.42857 1.60641 1.80175 2.01457 2.24489 2.49271 2.75802 3.04082 
1.57143 1.77259 1.99708 2.24489 2.51603 2.81049 3.12828 3.46939 
1.71429 1.94461 2.20408 2.49271 2.81049 3.15743 3.53353 3.93878 
1.85714 2.12245 2.42274 2.75802 3.12828 3.53353 3.97376 4.44898 
2 2.30612 2.65306 3.04082 3.46939 3.93878 4.44898 5 
Residue error: 9.2137e-07
Total iterations: 133
Exact solution u_exact:
1 1.14286 1.28571 1.42857 1.57143 1.71429 1.85714 2 
1.14286 1.29155 1.44606 1.60641 1.77259 1.94461 2.12245 2.30612 
1.28571 1.44606 1.61808 1.80175 1.99708 2.20408 2.42274 2.65306 
1.42857 1.60641 1.80175 2.01458 2.2449 2.49271 2.75802 3.04082 
1.57143 1.77259 1.99708 2.2449 2.51603 2.8105 3.12828 3.46939 
1.71429 1.94461 2.20408 2.49271 2.8105 3.15743 3.53353 3.93878 
1.85714 2.12245 2.42274 2.75802 3.12828 3.53353 3.97376 4.44898 
2 2.30612 2.65306 3.04082 3.46939 3.93878 4.44898 5 

=== Running Test 20: NEUMANN PARALLEL (Jacobi) ===
Mesh points (x, y):
(0, 0) (0.142857, 0) (0.285714, 0) (0.428571, 0) (0.571429, 0) (0.714286, 0) (0.857143, 0) (1, 0) 
(0, 0.142857) (0.142857, 0.142857) (0.285714, 0.142857) (0.428571, 0.142857) (0.571429, 0.142857) (0.714286, 0.142857) (0.857143, 0.142857) (1, 0.142857) 
(0, 0.285714) (0.142857, 0.285714) (0.285714, 0.285714) (0.428571, 0.285714) (0.571429, 0.285714) (0.714286, 0.285714) (0.857143, 0.285714) (1, 0.285714) 
(0, 0.428571) (0.142857, 0.428571) (0.285714, 0.428571) (0.428571, 0.428571) (0.571429, 0.428571) (0.714286, 0.428571) (0.857143, 0.428571) (1, 0.428571) 
(0, 0.571429) (0.142857, 0.571429) (0.285714, 0.571429) (0.428571, 0.571429) (0.571429, 0.571429) (0.714286, 0.571429) (0.857143, 0.571429) (1, 0.571429) 
(0, 0.714286) (0.142857, 0.714286) (0.285714, 0.714286) (0.428571, 0.714286) (0.571429, 0.714286) (0.714286, 0.714286) (0.857143, 0.714286) (1, 0.714286) 
(0, 0.857143) (0.142857, 0.857143) (0.285714, 0.857143) (0.428571, 0.857143) (0.571429, 0.857143) (0.714286, 0.857143) (0.857143, 0.857143) (1, 0.857143) 
(0, 1) (0.142857, 1) (0.285714, 1) (0.428571, 1) (0.571429, 1) (0.714286, 1) (0.857143, 1) (1, 1) 
Discrete solution u_h:
-1.35735 -1.21408 -1.07164 -0.928363 -0.785923 -0.642649 -0.500208 -0.356935 
-1.21408 -1.06581 -0.91087 -0.750937 -0.58434 -0.412745 -0.234486 -0.0512287 
-1.07164 -0.91087 -0.739275 -0.555185 -0.360267 -0.152853 0.0653894 0.296127 
-0.928363 -0.750937 -0.555185 -0.342774 -0.112037 0.13536 0.401083 0.683465 
-0.785923 -0.58434 -0.360267 -0.112037 0.158684 0.453561 0.770929 1.11245 
-0.642649 -0.412745 -0.152853 0.13536 0.453561 0.800083 1.17659 1.58142 
-0.500208 -0.234486 0.0653894 0.401083 0.770929 1.17659 1.61641 2.09204 
-0.356935 -0.0512287 0.296127 0.683465 1.11245 1.58142 2.09204 2.64265 
Residue error: 0.00208841
Total iterations: 100000
Exact solution u_exact:
1 1.14286 1.28571 1.42857 1.57143 1.71429 1.85714 2 
1.14286 1.29155 1.44606 1.60641 1.77259 1.94461 2.12245 2.30612 
1.28571 1.44606 1.61808 1.80175 1.99708 2.20408 2.42274 2.65306 
1.42857 1.60641 1.80175 2.01458 2.2449 2.49271 2.75802 3.04082 
1.57143 1.77259 1.99708 2.2449 2.51603 2.8105 3.12828 3.46939 
1.71429 1.94461 2.20408 2.49271 2.8105 3.15743 3.53353 3.93878 
1.85714 2.12245 2.42274 2.75802 3.12828 3.53353 3.97376 4.44898 
2 2.30612 2.65306 3.04082 3.46939 3.93878 4.44898 5 

=== Running Test 21: ROBIN PARALLEL (Jacobi) ===
Mesh points (x, y):
(0, 0) (0.142857, 0) (0.285714, 0) (0.428571, 0) (0.571429, 0) (0.714286, 0) (0.857143, 0) (1, 0) 
(0, 0.142857) (0.142857, 0.142857) (0.285714, 0.142857) (0.428571, 0.142857) (0.571429, 0.142857) (0.714286, 0.142857) (0.857143, 0.142857) (1, 0.142857) 
(0, 0.285714) (0.142857, 0.285714) (0.285714, 0.285714) (0.428571, 0.285714) (0.571429, 0.285714) (0.714286, 0.285714) (0.857143, 0.285714) (1, 0.285714) 
(0, 0.428571) (0.142857, 0.428571) (0.285714, 0.428571) (0.428571, 0.428571) (0.571429, 0.428571) (0.714286, 0.428571) (0.857143, 0.428571) (1, 0.428571) 
(0, 0.571429) (0.142857, 0.571429) (0.285714, 0.571429) (0.428571, 0.571429) (0.571429, 0.571429) (0.714286, 0.571429) (0.857143, 0.571429) (1, 0.571429) 
(0, 0.714286) (0.142857, 0.714286) (0.285714, 0.714286) (0.428571, 0.714286) (0.571429, 0.714286) (0.714286, 0.714286) (0.857143, 0.714286) (1, 0.714286) 
(0, 0.857143) (0.142857, 0.857143) (0.285714, 0.857143) (0.428571, 0.857143) (0.571429, 0.857143) (0.714286, 0.857143) (0.857143, 0.857143) (1, 0.857143) 
(0, 1) (0.142857, 1) (0.285714, 1) (0.428571, 1) (0.571429, 1) (0.714286, 1) (0.857143, 1) (1, 1) 
Discrete solution u_h:
-0.00190294 0.426397 0.851796 1.27145 1.68265 2.08283 2.46968 2.84115 
0.569254 0.994674 1.41434 1.82553 2.2257 2.61252 2.98394 3.33822 
1.13751 1.5572 1.9684 2.36857 2.75537 3.12676 3.48099 3.81667 
1.70003 2.11125 2.51142 2.89822 3.2696 3.6238 3.95945 4.27552 
2.25408 2.65427 3.04108 3.41245 3.76664 4.10227 4.41831 4.71416 
2.79712 3.18395 3.55533 3.90951 4.24513 4.56115 4.85697 5.13239 
3.32682 3.69822 4.05242 4.38802 4.70403 4.99983 5.27522 5.53042 
3.84115 4.19536 4.53096 4.84695 5.14273 5.4181 5.67328 5.90888 
Residue error: 9.94642e-07
Total iterations: 723
Exact solution u_exact:
0 0.428086 0.853271 1.27271 1.68369 2.08365 2.47026 2.84147 
0.570943 0.996129 1.41557 1.82655 2.22651 2.61312 2.98433 3.33839 
1.13899 1.55843 1.96941 2.36936 2.75598 3.12719 3.48125 3.81678 
1.70129 2.11226 2.51222 2.89883 3.27004 3.62411 3.95964 4.27562 
2.25512 2.65508 3.04169 3.4129 3.76697 4.1025 4.41847 4.71429 
2.79794 3.18455 3.55576 3.90982 4.24535 4.56133 4.85714 5.13258 
3.3274 3.69861 4.05268 4.38821 4.70419 5 5.27544 5.53071 
3.84147 4.19554 4.53107 4.84705 5.14286 5.41829 5.67357 5.9093 

=== Running Test 22: NEUMANN SEQUENTIAL vs PARALLEL (Schwarz) ===
Refinement Level (n) | L2 Error (Serial) | L2 Error (Parallel) | Iterations (Serial) | Iterations (Parallel) | Time (ms, Serial) | Time (ms, Parallel) | Speedup
8 | 7.06562 | 7.12733 | 100000 | 5954 | 3223.76 | 745.813 | 4.32248
16 | 9.64249 | 9.68533 | 100000 | 273 | 11025.2 | 92.6678 | 118.975
32 | 13.4115 | 13.4414 | 100000 | 726 | 43555.9 | 544.201 | 80.0364
64 | 18.8146 | 18.8356 | 100000 | 2192 | 171607 | 4327.99 | 39.6504
128 | 26.5025 | 26.5173 | 100000 | 7075 | 676084 | 48373.2 | 13.9764

''' 