<!DOCTYPE html PUBLIC "-//W3C//DTD XHTML 1.0 Transitional//EN" "https://www.w3.org/TR/xhtml1/DTD/xhtml1-transitional.dtd">
<html xmlns="http://www.w3.org/1999/xhtml" lang="en-US">
<head>
<meta http-equiv="Content-Type" content="text/xhtml;charset=UTF-8"/>
<meta http-equiv="X-UA-Compatible" content="IE=11"/>
<meta name="generator" content="Doxygen 1.9.8"/>
<meta name="viewport" content="width=device-width, initial-scale=1"/>
<title>Laplacian Solvers: Results</title>
<link href="tabs.css" rel="stylesheet" type="text/css"/>
<script type="text/javascript" src="jquery.js"></script>
<script type="text/javascript" src="dynsections.js"></script>
<link href="search/search.css" rel="stylesheet" type="text/css"/>
<script type="text/javascript" src="search/searchdata.js"></script>
<script type="text/javascript" src="search/search.js"></script>
<link href="doxygen.css" rel="stylesheet" type="text/css" />
</head>
<body>
<div id="top"><!-- do not remove this div, it is closed by doxygen! -->
<div id="titlearea">
<table cellspacing="0" cellpadding="0">
 <tbody>
 <tr id="projectrow">
  <td id="projectalign">
   <div id="projectname">Laplacian Solvers
   </div>
  </td>
 </tr>
 </tbody>
</table>
</div>
<!-- end header part -->
<!-- Generated by Doxygen 1.9.8 -->
<script type="text/javascript">
/* @license magnet:?xt=urn:btih:d3d9a9a6595521f9666a5e94cc830dab83b65699&amp;dn=expat.txt MIT */
var searchBox = new SearchBox("searchBox", "search/",'.html');
/* @license-end */
</script>
<script type="text/javascript" src="menudata.js"></script>
<script type="text/javascript" src="menu.js"></script>
<script type="text/javascript">
/* @license magnet:?xt=urn:btih:d3d9a9a6595521f9666a5e94cc830dab83b65699&amp;dn=expat.txt MIT */
$(function() {
  initMenu('',true,false,'search.php','Search');
  $(document).ready(function() { init_search(); });
});
/* @license-end */
</script>
<div id="main-nav"></div>
<!-- window showing the filter options -->
<div id="MSearchSelectWindow"
     onmouseover="return searchBox.OnSearchSelectShow()"
     onmouseout="return searchBox.OnSearchSelectHide()"
     onkeydown="return searchBox.OnSearchSelectKey(event)">
</div>

<!-- iframe showing the search results (closed by default) -->
<div id="MSearchResultsWindow">
<div id="MSearchResults">
<div class="SRPage">
<div id="SRIndex">
<div id="SRResults"></div>
<div class="SRStatus" id="Loading">Loading...</div>
<div class="SRStatus" id="Searching">Searching...</div>
<div class="SRStatus" id="NoMatches">No Matches</div>
</div>
</div>
</div>
</div>

</div><!-- top -->
<div><div class="header">
  <div class="headertitle"><div class="title">Results</div></div>
</div><!--header-->
<div class="contents">
<div class="textblock"><p><a class="anchor" id="autotoc_md20"></a> This file contains the solver output from the numerical test suite. The test was executed with 8 MPI processes and a total of 16 OpenMP threads.</p>
<p>The report includes mesh coordinates, the computed discrete solution <code>u_h</code>, residual errors, iteration counts, and the analytical exact solution for each test case.</p>
<p>Comments on the results:</p>
<ul>
<li>Each test block contains the grid coordinates, the computed discrete solution <code>u_h</code>, the final residual, the number of iterations, and the analytical exact solution for comparison.</li>
<li>Residual values around <code>1e-6</code> indicate that the iterative solver reached its convergence tolerance.</li>
<li>In sequential tests, values are shown for baseline verification. In parallel Jacobi and Schwarz tests, the same pattern is reproduced across MPI ranks.</li>
<li>The convergence benchmark at the end reports L2 errors, iteration counts, execution times, and speedups between serial and parallel runs.</li>
</ul>
<div class="fragment"><div class="line">=== Running Test 1: DIRICHLET SEQUENTIAL (Jacobi) ===</div>
<div class="line">Mesh points (x, y):</div>
<div class="line">(0, 0) (0.142857, 0) (0.285714, 0) (0.428571, 0) (0.571429, 0) (0.714286, 0) (0.857143, 0) (1, 0) </div>
<div class="line">(0, 0.142857) (0.142857, 0.142857) (0.285714, 0.142857) (0.428571, 0.142857) (0.571429, 0.142857) (0.714286, 0.142857) (0.857143, 0.142857) (1, 0.142857) </div>
<div class="line">(0, 0.285714) (0.142857, 0.285714) (0.285714, 0.285714) (0.428571, 0.285714) (0.571429, 0.285714) (0.714286, 0.285714) (0.857143, 0.285714) (1, 0.285714) </div>
<div class="line">(0, 0.428571) (0.142857, 0.428571) (0.285714, 0.428571) (0.428571, 0.428571) (0.571429, 0.428571) (0.714286, 0.428571) (0.857143, 0.428571) (1, 0.428571) </div>
<div class="line">(0, 0.571429) (0.142857, 0.571429) (0.285714, 0.571429) (0.428571, 0.571429) (0.571429, 0.571429) (0.714286, 0.571429) (0.857143, 0.571429) (1, 0.571429) </div>
<div class="line">(0, 0.714286) (0.142857, 0.714286) (0.285714, 0.714286) (0.428571, 0.714286) (0.571429, 0.714286) (0.714286, 0.714286) (0.857143, 0.714286) (1, 0.714286) </div>
<div class="line">(0, 0.857143) (0.142857, 0.857143) (0.285714, 0.857143) (0.428571, 0.857143) (0.571429, 0.857143) (0.714286, 0.857143) (0.857143, 0.857143) (1, 0.857143) </div>
<div class="line">(0, 1) (0.142857, 1) (0.285714, 1) (0.428571, 1) (0.571429, 1) (0.714286, 1) (0.857143, 1) (1, 1) </div>
<div class="line">Discrete solution u_h:</div>
<div class="line">0 0 0 0 0 0 0 0 </div>
<div class="line">0 0.191446 0.344974 0.430175 0.430175 0.344974 0.191446 0 </div>
<div class="line">0 0.344974 0.621621 0.775148 0.775148 0.621621 0.344974 0 </div>
<div class="line">0 0.430175 0.775148 0.966594 0.966594 0.775148 0.430175 0 </div>
<div class="line">0 0.430175 0.775148 0.966594 0.966594 0.775148 0.430175 0 </div>
<div class="line">0 0.344974 0.621621 0.775148 0.775148 0.621621 0.344974 0 </div>
<div class="line">0 0.191446 0.344974 0.430175 0.430175 0.344974 0.191446 0 </div>
<div class="line">0 0 0 0 0 0 0 0 </div>
<div class="line">Residue error: 9.15183e-07</div>
<div class="line">Total iterations: 115</div>
<div class="line">Exact solution u_exact:</div>
<div class="line">0 0 0 0 0 0 0 0 </div>
<div class="line">0 0.188255 0.339224 0.423005 0.423005 0.339224 0.188255 5.31354e-17 </div>
<div class="line">0 0.339224 0.61126 0.762229 0.762229 0.61126 0.339224 9.57467e-17 </div>
<div class="line">0 0.423005 0.762229 0.950484 0.950484 0.762229 0.423005 1.19394e-16 </div>
<div class="line">0 0.423005 0.762229 0.950484 0.950484 0.762229 0.423005 1.19394e-16 </div>
<div class="line">0 0.339224 0.61126 0.762229 0.762229 0.61126 0.339224 9.57467e-17 </div>
<div class="line">0 0.188255 0.339224 0.423005 0.423005 0.339224 0.188255 5.31354e-17 </div>
<div class="line">0 5.31354e-17 9.57467e-17 1.19394e-16 1.19394e-16 9.57467e-17 5.31354e-17 1.49976e-32 </div>
<div class="line"> </div>
<div class="line">=== Running Test 2: NEUMANN SEQUENTIAL (Jacobi) ===</div>
<div class="line">Mesh points (x, y):</div>
<div class="line">(0, 0) (0.142857, 0) (0.285714, 0) (0.428571, 0) (0.571429, 0) (0.714286, 0) (0.857143, 0) (1, 0) </div>
<div class="line">(0, 0.142857) (0.142857, 0.142857) (0.285714, 0.142857) (0.428571, 0.142857) (0.571429, 0.142857) (0.714286, 0.142857) (0.857143, 0.142857) (1, 0.142857) </div>
<div class="line">(0, 0.285714) (0.142857, 0.285714) (0.285714, 0.285714) (0.428571, 0.285714) (0.571429, 0.285714) (0.714286, 0.285714) (0.857143, 0.285714) (1, 0.285714) </div>
<div class="line">(0, 0.428571) (0.142857, 0.428571) (0.285714, 0.428571) (0.428571, 0.428571) (0.571429, 0.428571) (0.714286, 0.428571) (0.857143, 0.428571) (1, 0.428571) </div>
<div class="line">(0, 0.571429) (0.142857, 0.571429) (0.285714, 0.571429) (0.428571, 0.571429) (0.571429, 0.571429) (0.714286, 0.571429) (0.857143, 0.571429) (1, 0.571429) </div>
<div class="line">(0, 0.714286) (0.142857, 0.714286) (0.285714, 0.714286) (0.428571, 0.714286) (0.571429, 0.714286) (0.714286, 0.714286) (0.857143, 0.714286) (1, 0.714286) </div>
<div class="line">(0, 0.857143) (0.142857, 0.857143) (0.285714, 0.857143) (0.428571, 0.857143) (0.571429, 0.857143) (0.714286, 0.857143) (0.857143, 0.857143) (1, 0.857143) </div>
<div class="line">(0, 1) (0.142857, 1) (0.285714, 1) (0.428571, 1) (0.571429, 1) (0.714286, 1) (0.857143, 1) (1, 1) </div>
<div class="line">Discrete solution u_h:</div>
<div class="line">1.01695 0.916241 0.634058 0.226293 -0.226293 -0.634058 -0.916241 -1.01695 </div>
<div class="line">0.916241 0.825504 0.571267 0.203883 -0.203883 -0.571267 -0.825504 -0.916241 </div>
<div class="line">0.634058 0.571267 0.395329 0.141091 -0.141091 -0.395329 -0.571267 -0.634058 </div>
<div class="line">0.226293 0.203883 0.141091 0.0503549 -0.0503549 -0.141091 -0.203883 -0.226293 </div>
<div class="line">-0.226293 -0.203883 -0.141091 -0.0503549 0.0503549 0.141091 0.203883 0.226293 </div>
<div class="line">-0.634058 -0.571267 -0.395329 -0.141091 0.141091 0.395329 0.571267 0.634058 </div>
<div class="line">-0.916241 -0.825504 -0.571267 -0.203883 0.203883 0.571267 0.825504 0.916241 </div>
<div class="line">-1.01695 -0.916241 -0.634058 -0.226293 0.226293 0.634058 0.916241 1.01695 </div>
<div class="line">Residue error: 9.55151e-07</div>
<div class="line">Total iterations: 117</div>
<div class="line">Exact solution u_exact:</div>
<div class="line">1 0.900969 0.62349 0.222521 -0.222521 -0.62349 -0.900969 -1 </div>
<div class="line">0.900969 0.811745 0.561745 0.200484 -0.200484 -0.561745 -0.811745 -0.900969 </div>
<div class="line">0.62349 0.561745 0.38874 0.13874 -0.13874 -0.38874 -0.561745 -0.62349 </div>
<div class="line">0.222521 0.200484 0.13874 0.0495156 -0.0495156 -0.13874 -0.200484 -0.222521 </div>
<div class="line">-0.222521 -0.200484 -0.13874 -0.0495156 0.0495156 0.13874 0.200484 0.222521 </div>
<div class="line">-0.62349 -0.561745 -0.38874 -0.13874 0.13874 0.38874 0.561745 0.62349 </div>
<div class="line">-0.900969 -0.811745 -0.561745 -0.200484 0.200484 0.561745 0.811745 0.900969 </div>
<div class="line">-1 -0.900969 -0.62349 -0.222521 0.222521 0.62349 0.900969 1 </div>
<div class="line"> </div>
<div class="line">=== Running Test 3: ROBIN SEQUENTIAL (Jacobi) ===</div>
<div class="line">Mesh points (x, y):</div>
<div class="line">(0, 0) (0.142857, 0) (0.285714, 0) (0.428571, 0) (0.571429, 0) (0.714286, 0) (0.857143, 0) (1, 0) </div>
<div class="line">(0, 0.142857) (0.142857, 0.142857) (0.285714, 0.142857) (0.428571, 0.142857) (0.571429, 0.142857) (0.714286, 0.142857) (0.857143, 0.142857) (1, 0.142857) </div>
<div class="line">(0, 0.285714) (0.142857, 0.285714) (0.285714, 0.285714) (0.428571, 0.285714) (0.571429, 0.285714) (0.714286, 0.285714) (0.857143, 0.285714) (1, 0.285714) </div>
<div class="line">(0, 0.428571) (0.142857, 0.428571) (0.285714, 0.428571) (0.428571, 0.428571) (0.571429, 0.428571) (0.714286, 0.428571) (0.857143, 0.428571) (1, 0.428571) </div>
<div class="line">(0, 0.571429) (0.142857, 0.571429) (0.285714, 0.571429) (0.428571, 0.571429) (0.571429, 0.571429) (0.714286, 0.571429) (0.857143, 0.571429) (1, 0.571429) </div>
<div class="line">(0, 0.714286) (0.142857, 0.714286) (0.285714, 0.714286) (0.428571, 0.714286) (0.571429, 0.714286) (0.714286, 0.714286) (0.857143, 0.714286) (1, 0.714286) </div>
<div class="line">(0, 0.857143) (0.142857, 0.857143) (0.285714, 0.857143) (0.428571, 0.857143) (0.571429, 0.857143) (0.714286, 0.857143) (0.857143, 0.857143) (1, 0.857143) </div>
<div class="line">(0, 1) (0.142857, 1) (0.285714, 1) (0.428571, 1) (0.571429, 1) (0.714286, 1) (0.857143, 1) (1, 1) </div>
<div class="line">Discrete solution u_h:</div>
<div class="line">1.00189 1.15522 1.3321 1.53615 1.77152 2.043 2.35609 2.71709 </div>
<div class="line">1.15522 1.33202 1.53598 1.77126 2.04267 2.35574 2.71681 3.13323 </div>
<div class="line">1.3321 1.53598 1.77119 2.04253 2.35556 2.71664 3.13315 3.61356 </div>
<div class="line">1.53615 1.77126 2.04253 2.3555 2.71656 3.13308 3.61356 4.16782 </div>
<div class="line">1.77152 2.04267 2.35556 2.71656 3.13306 3.61355 4.16785 4.80728 </div>
<div class="line">2.043 2.35574 2.71664 3.13308 3.61355 4.16785 4.80731 5.545 </div>
<div class="line">2.35609 2.71681 3.13315 3.61356 4.16785 4.80731 5.54503 6.39606 </div>
<div class="line">2.71709 3.13323 3.61356 4.16782 4.80728 5.545 6.39606 7.37784 </div>
<div class="line">Residue error: 9.88424e-07</div>
<div class="line">Total iterations: 686</div>
<div class="line">Exact solution u_exact:</div>
<div class="line">1 1.15356 1.33071 1.53506 1.77079 2.04273 2.35642 2.71828 </div>
<div class="line">1.15356 1.33071 1.53506 1.77079 2.04273 2.35642 2.71828 3.13571 </div>
<div class="line">1.33071 1.53506 1.77079 2.04273 2.35642 2.71828 3.13571 3.61725 </div>
<div class="line">1.53506 1.77079 2.04273 2.35642 2.71828 3.13571 3.61725 4.17273 </div>
<div class="line">1.77079 2.04273 2.35642 2.71828 3.13571 3.61725 4.17273 4.81352 </div>
<div class="line">2.04273 2.35642 2.71828 3.13571 3.61725 4.17273 4.81352 5.55271 </div>
<div class="line">2.35642 2.71828 3.13571 3.61725 4.17273 4.81352 5.55271 6.40541 </div>
<div class="line">2.71828 3.13571 3.61725 4.17273 4.81352 5.55271 6.40541 7.38906 </div>
<div class="line"> </div>
<div class="line">=== Running Test 4: DIRICHLET PARALLEL (Jacobi) ===</div>
<div class="line">Mesh points (x, y):</div>
<div class="line">(0, 0) (0.142857, 0) (0.285714, 0) (0.428571, 0) (0.571429, 0) (0.714286, 0) (0.857143, 0) (1, 0) </div>
<div class="line">(0, 0.142857) (0.142857, 0.142857) (0.285714, 0.142857) (0.428571, 0.142857) (0.571429, 0.142857) (0.714286, 0.142857) (0.857143, 0.142857) (1, 0.142857) </div>
<div class="line">(0, 0.285714) (0.142857, 0.285714) (0.285714, 0.285714) (0.428571, 0.285714) (0.571429, 0.285714) (0.714286, 0.285714) (0.857143, 0.285714) (1, 0.285714) </div>
<div class="line">(0, 0.428571) (0.142857, 0.428571) (0.285714, 0.428571) (0.428571, 0.428571) (0.571429, 0.428571) (0.714286, 0.428571) (0.857143, 0.428571) (1, 0.428571) </div>
<div class="line">(0, 0.571429) (0.142857, 0.571429) (0.285714, 0.571429) (0.428571, 0.571429) (0.571429, 0.571429) (0.714286, 0.571429) (0.857143, 0.571429) (1, 0.571429) </div>
<div class="line">(0, 0.714286) (0.142857, 0.714286) (0.285714, 0.714286) (0.428571, 0.714286) (0.571429, 0.714286) (0.714286, 0.714286) (0.857143, 0.714286) (1, 0.714286) </div>
<div class="line">(0, 0.857143) (0.142857, 0.857143) (0.285714, 0.857143) (0.428571, 0.857143) (0.571429, 0.857143) (0.714286, 0.857143) (0.857143, 0.857143) (1, 0.857143) </div>
<div class="line">(0, 1) (0.142857, 1) (0.285714, 1) (0.428571, 1) (0.571429, 1) (0.714286, 1) (0.857143, 1) (1, 1) </div>
<div class="line">Discrete solution u_h:</div>
<div class="line">0 0 0 0 0 0 0 0 </div>
<div class="line">0 0.191446 0.344974 0.430175 0.430175 0.344974 0.191446 0 </div>
<div class="line">0 0.344974 0.621621 0.775148 0.775148 0.621621 0.344974 0 </div>
<div class="line">0 0.430175 0.775148 0.966594 0.966594 0.775148 0.430175 0 </div>
<div class="line">0 0.430175 0.775148 0.966594 0.966594 0.775148 0.430175 0 </div>
<div class="line">0 0.344974 0.621621 0.775148 0.775148 0.621621 0.344974 0 </div>
<div class="line">0 0.191446 0.344974 0.430175 0.430175 0.344974 0.191446 0 </div>
<div class="line">0 0 0 0 0 0 0 0 </div>
<div class="line">Residue error: 9.15183e-07</div>
<div class="line">Total iterations: 115</div>
<div class="line">Exact solution u_exact:</div>
<div class="line">0 0 0 0 0 0 0 0 </div>
<div class="line">0 0.188255 0.339224 0.423005 0.423005 0.339224 0.188255 5.31354e-17 </div>
<div class="line">0 0.339224 0.61126 0.762229 0.762229 0.61126 0.339224 9.57467e-17 </div>
<div class="line">0 0.423005 0.762229 0.950484 0.950484 0.762229 0.423005 1.19394e-16 </div>
<div class="line">0 0.423005 0.762229 0.950484 0.950484 0.762229 0.423005 1.19394e-16 </div>
<div class="line">0 0.339224 0.61126 0.762229 0.762229 0.61126 0.339224 9.57467e-17 </div>
<div class="line">0 0.188255 0.339224 0.423005 0.423005 0.339224 0.188255 5.31354e-17 </div>
<div class="line">0 5.31354e-17 9.57467e-17 1.19394e-16 1.19394e-16 9.57467e-17 5.31354e-17 1.49976e-32 </div>
<div class="line"> </div>
<div class="line">=== Running Test 5: NEUMANN PARALLEL (Jacobi) ===</div>
<div class="line">Mesh points (x, y):</div>
<div class="line">(0, 0) (0.142857, 0) (0.285714, 0) (0.428571, 0) (0.571429, 0) (0.714286, 0) (0.857143, 0) (1, 0) </div>
<div class="line">(0, 0.142857) (0.142857, 0.142857) (0.285714, 0.142857) (0.428571, 0.142857) (0.571429, 0.142857) (0.714286, 0.142857) (0.857143, 0.142857) (1, 0.142857) </div>
<div class="line">(0, 0.285714) (0.142857, 0.285714) (0.285714, 0.285714) (0.428571, 0.285714) (0.571429, 0.285714) (0.714286, 0.285714) (0.857143, 0.285714) (1, 0.285714) </div>
<div class="line">(0, 0.428571) (0.142857, 0.428571) (0.285714, 0.428571) (0.428571, 0.428571) (0.571429, 0.428571) (0.714286, 0.428571) (0.857143, 0.428571) (1, 0.428571) </div>
<div class="line">(0, 0.571429) (0.142857, 0.571429) (0.285714, 0.571429) (0.428571, 0.571429) (0.571429, 0.571429) (0.714286, 0.571429) (0.857143, 0.571429) (1, 0.571429) </div>
<div class="line">(0, 0.714286) (0.142857, 0.714286) (0.285714, 0.714286) (0.428571, 0.714286) (0.571429, 0.714286) (0.714286, 0.714286) (0.857143, 0.714286) (1, 0.714286) </div>
<div class="line">(0, 0.857143) (0.142857, 0.857143) (0.285714, 0.857143) (0.428571, 0.857143) (0.571429, 0.857143) (0.714286, 0.857143) (0.857143, 0.857143) (1, 0.857143) </div>
<div class="line">(0, 1) (0.142857, 1) (0.285714, 1) (0.428571, 1) (0.571429, 1) (0.714286, 1) (0.857143, 1) (1, 1) </div>
<div class="line">Discrete solution u_h:</div>
<div class="line">1.01695 0.916241 0.634058 0.226293 -0.226293 -0.634058 -0.916241 -1.01695 </div>
<div class="line">0.916241 0.825504 0.571267 0.203883 -0.203883 -0.571267 -0.825504 -0.916241 </div>
<div class="line">0.634058 0.571267 0.395329 0.141091 -0.141091 -0.395329 -0.571267 -0.634058 </div>
<div class="line">0.226293 0.203883 0.141091 0.0503549 -0.0503549 -0.141091 -0.203883 -0.226293 </div>
<div class="line">-0.226293 -0.203883 -0.141091 -0.0503549 0.0503549 0.141091 0.203883 0.226293 </div>
<div class="line">-0.634058 -0.571267 -0.395329 -0.141091 0.141091 0.395329 0.571267 0.634058 </div>
<div class="line">-0.916241 -0.825504 -0.571267 -0.203883 0.203883 0.571267 0.825504 0.916241 </div>
<div class="line">-1.01695 -0.916241 -0.634058 -0.226293 0.226293 0.634058 0.916241 1.01695 </div>
<div class="line">Residue error: 9.55151e-07</div>
<div class="line">Total iterations: 117</div>
<div class="line">Exact solution u_exact:</div>
<div class="line">1 0.900969 0.62349 0.222521 -0.222521 -0.62349 -0.900969 -1 </div>
<div class="line">0.900969 0.811745 0.561745 0.200484 -0.200484 -0.561745 -0.811745 -0.900969 </div>
<div class="line">0.62349 0.561745 0.38874 0.13874 -0.13874 -0.38874 -0.561745 -0.62349 </div>
<div class="line">0.222521 0.200484 0.13874 0.0495156 -0.0495156 -0.13874 -0.200484 -0.222521 </div>
<div class="line">-0.222521 -0.200484 -0.13874 -0.0495156 0.0495156 0.13874 0.200484 0.222521 </div>
<div class="line">-0.62349 -0.561745 -0.38874 -0.13874 0.13874 0.38874 0.561745 0.62349 </div>
<div class="line">-0.900969 -0.811745 -0.561745 -0.200484 0.200484 0.561745 0.811745 0.900969 </div>
<div class="line">-1 -0.900969 -0.62349 -0.222521 0.222521 0.62349 0.900969 1 </div>
<div class="line"> </div>
<div class="line">=== Running Test 6: ROBIN PARALLEL (Jacobi) ===</div>
<div class="line">Mesh points (x, y):</div>
<div class="line">(0, 0) (0.142857, 0) (0.285714, 0) (0.428571, 0) (0.571429, 0) (0.714286, 0) (0.857143, 0) (1, 0) </div>
<div class="line">(0, 0.142857) (0.142857, 0.142857) (0.285714, 0.142857) (0.428571, 0.142857) (0.571429, 0.142857) (0.714286, 0.142857) (0.857143, 0.142857) (1, 0.142857) </div>
<div class="line">(0, 0.285714) (0.142857, 0.285714) (0.285714, 0.285714) (0.428571, 0.285714) (0.571429, 0.285714) (0.714286, 0.285714) (0.857143, 0.285714) (1, 0.285714) </div>
<div class="line">(0, 0.428571) (0.142857, 0.428571) (0.285714, 0.428571) (0.428571, 0.428571) (0.571429, 0.428571) (0.714286, 0.428571) (0.857143, 0.428571) (1, 0.428571) </div>
<div class="line">(0, 0.571429) (0.142857, 0.571429) (0.285714, 0.571429) (0.428571, 0.571429) (0.571429, 0.571429) (0.714286, 0.571429) (0.857143, 0.571429) (1, 0.571429) </div>
<div class="line">(0, 0.714286) (0.142857, 0.714286) (0.285714, 0.714286) (0.428571, 0.714286) (0.571429, 0.714286) (0.714286, 0.714286) (0.857143, 0.714286) (1, 0.714286) </div>
<div class="line">(0, 0.857143) (0.142857, 0.857143) (0.285714, 0.857143) (0.428571, 0.857143) (0.571429, 0.857143) (0.714286, 0.857143) (0.857143, 0.857143) (1, 0.857143) </div>
<div class="line">(0, 1) (0.142857, 1) (0.285714, 1) (0.428571, 1) (0.571429, 1) (0.714286, 1) (0.857143, 1) (1, 1) </div>
<div class="line">Discrete solution u_h:</div>
<div class="line">1.00189 1.15522 1.3321 1.53615 1.77152 2.043 2.35609 2.71709 </div>
<div class="line">1.15522 1.33202 1.53598 1.77126 2.04267 2.35574 2.71681 3.13323 </div>
<div class="line">1.3321 1.53598 1.77119 2.04253 2.35556 2.71664 3.13315 3.61356 </div>
<div class="line">1.53615 1.77126 2.04253 2.3555 2.71656 3.13308 3.61356 4.16782 </div>
<div class="line">1.77152 2.04267 2.35556 2.71656 3.13306 3.61355 4.16785 4.80728 </div>
<div class="line">2.043 2.35574 2.71664 3.13308 3.61355 4.16785 4.80731 5.545 </div>
<div class="line">2.35609 2.71681 3.13315 3.61356 4.16785 4.80731 5.54503 6.39606 </div>
<div class="line">2.71709 3.13323 3.61356 4.16782 4.80728 5.545 6.39606 7.37784 </div>
<div class="line">Residue error: 9.91669e-07</div>
<div class="line">Total iterations: 686</div>
<div class="line">Exact solution u_exact:</div>
<div class="line">1 1.15356 1.33071 1.53506 1.77079 2.04273 2.35642 2.71828 </div>
<div class="line">1.15356 1.33071 1.53506 1.77079 2.04273 2.35642 2.71828 3.13571 </div>
<div class="line">1.33071 1.53506 1.77079 2.04273 2.35642 2.71828 3.13571 3.61725 </div>
<div class="line">1.53506 1.77079 2.04273 2.35642 2.71828 3.13571 3.61725 4.17273 </div>
<div class="line">1.77079 2.04273 2.35642 2.71828 3.13571 3.61725 4.17273 4.81352 </div>
<div class="line">2.04273 2.35642 2.71828 3.13571 3.61725 4.17273 4.81352 5.55271 </div>
<div class="line">2.35642 2.71828 3.13571 3.61725 4.17273 4.81352 5.55271 6.40541 </div>
<div class="line">2.71828 3.13571 3.61725 4.17273 4.81352 5.55271 6.40541 7.38906 </div>
<div class="line"> </div>
<div class="line">=== Running Test 7: DIRICHLET PARALLEL (Schwarz) ===</div>
<div class="line">Mesh points (x, y):</div>
<div class="line">(0, 0) (0.142857, 0) (0.285714, 0) (0.428571, 0) (0.571429, 0) (0.714286, 0) (0.857143, 0) (1, 0) </div>
<div class="line">(0, 0.142857) (0.142857, 0.142857) (0.285714, 0.142857) (0.428571, 0.142857) (0.571429, 0.142857) (0.714286, 0.142857) (0.857143, 0.142857) (1, 0.142857) </div>
<div class="line">(0, 0.285714) (0.142857, 0.285714) (0.285714, 0.285714) (0.428571, 0.285714) (0.571429, 0.285714) (0.714286, 0.285714) (0.857143, 0.285714) (1, 0.285714) </div>
<div class="line">(0, 0.428571) (0.142857, 0.428571) (0.285714, 0.428571) (0.428571, 0.428571) (0.571429, 0.428571) (0.714286, 0.428571) (0.857143, 0.428571) (1, 0.428571) </div>
<div class="line">(0, 0.571429) (0.142857, 0.571429) (0.285714, 0.571429) (0.428571, 0.571429) (0.571429, 0.571429) (0.714286, 0.571429) (0.857143, 0.571429) (1, 0.571429) </div>
<div class="line">(0, 0.714286) (0.142857, 0.714286) (0.285714, 0.714286) (0.428571, 0.714286) (0.571429, 0.714286) (0.714286, 0.714286) (0.857143, 0.714286) (1, 0.714286) </div>
<div class="line">(0, 0.857143) (0.142857, 0.857143) (0.285714, 0.857143) (0.428571, 0.857143) (0.571429, 0.857143) (0.714286, 0.857143) (0.857143, 0.857143) (1, 0.857143) </div>
<div class="line">(0, 1) (0.142857, 1) (0.285714, 1) (0.428571, 1) (0.571429, 1) (0.714286, 1) (0.857143, 1) (1, 1) </div>
<div class="line">Discrete solution u_h:</div>
<div class="line">0 0 0 0 0 0 0 0 </div>
<div class="line">0 0.191446 0.344975 0.430176 0.430176 0.344975 0.191446 0 </div>
<div class="line">0 0.344975 0.621623 0.775151 0.775151 0.621623 0.344975 0 </div>
<div class="line">0 0.430176 0.775151 0.966597 0.966597 0.775151 0.430176 0 </div>
<div class="line">0 0.430176 0.775151 0.966597 0.966597 0.775151 0.430176 0 </div>
<div class="line">0 0.344975 0.621623 0.775151 0.775151 0.621623 0.344975 0 </div>
<div class="line">0 0.191446 0.344975 0.430176 0.430176 0.344975 0.191446 0 </div>
<div class="line">0 0 0 0 0 0 0 0 </div>
<div class="line">Residue error: 8.90472e-07</div>
<div class="line">Total iterations: 64</div>
<div class="line">Exact solution u_exact:</div>
<div class="line">0 0 0 0 0 0 0 0 </div>
<div class="line">0 0.188255 0.339224 0.423005 0.423005 0.339224 0.188255 5.31354e-17 </div>
<div class="line">0 0.339224 0.61126 0.762229 0.762229 0.61126 0.339224 9.57467e-17 </div>
<div class="line">0 0.423005 0.762229 0.950484 0.950484 0.762229 0.423005 1.19394e-16 </div>
<div class="line">0 0.423005 0.762229 0.950484 0.950484 0.762229 0.423005 1.19394e-16 </div>
<div class="line">0 0.339224 0.61126 0.762229 0.762229 0.61126 0.339224 9.57467e-17 </div>
<div class="line">0 0.188255 0.339224 0.423005 0.423005 0.339224 0.188255 5.31354e-17 </div>
<div class="line">0 5.31354e-17 9.57467e-17 1.19394e-16 1.19394e-16 9.57467e-17 5.31354e-17 1.49976e-32 </div>
<div class="line"> </div>
<div class="line">=== Running Test 8: NEUMANN PARALLEL (Schwarz) ===</div>
<div class="line">Mesh points (x, y):</div>
<div class="line">(0, 0) (0.142857, 0) (0.285714, 0) (0.428571, 0) (0.571429, 0) (0.714286, 0) (0.857143, 0) (1, 0) </div>
<div class="line">(0, 0.142857) (0.142857, 0.142857) (0.285714, 0.142857) (0.428571, 0.142857) (0.571429, 0.142857) (0.714286, 0.142857) (0.857143, 0.142857) (1, 0.142857) </div>
<div class="line">(0, 0.285714) (0.142857, 0.285714) (0.285714, 0.285714) (0.428571, 0.285714) (0.571429, 0.285714) (0.714286, 0.285714) (0.857143, 0.285714) (1, 0.285714) </div>
<div class="line">(0, 0.428571) (0.142857, 0.428571) (0.285714, 0.428571) (0.428571, 0.428571) (0.571429, 0.428571) (0.714286, 0.428571) (0.857143, 0.428571) (1, 0.428571) </div>
<div class="line">(0, 0.571429) (0.142857, 0.571429) (0.285714, 0.571429) (0.428571, 0.571429) (0.571429, 0.571429) (0.714286, 0.571429) (0.857143, 0.571429) (1, 0.571429) </div>
<div class="line">(0, 0.714286) (0.142857, 0.714286) (0.285714, 0.714286) (0.428571, 0.714286) (0.571429, 0.714286) (0.714286, 0.714286) (0.857143, 0.714286) (1, 0.714286) </div>
<div class="line">(0, 0.857143) (0.142857, 0.857143) (0.285714, 0.857143) (0.428571, 0.857143) (0.571429, 0.857143) (0.714286, 0.857143) (0.857143, 0.857143) (1, 0.857143) </div>
<div class="line">(0, 1) (0.142857, 1) (0.285714, 1) (0.428571, 1) (0.571429, 1) (0.714286, 1) (0.857143, 1) (1, 1) </div>
<div class="line">Discrete solution u_h:</div>
<div class="line">1.01695 0.916243 0.63406 0.226293 -0.226293 -0.63406 -0.916243 -1.01695 </div>
<div class="line">0.916243 0.825506 0.571268 0.203883 -0.203883 -0.571268 -0.825506 -0.916243 </div>
<div class="line">0.63406 0.571268 0.39533 0.141092 -0.141092 -0.39533 -0.571268 -0.63406 </div>
<div class="line">0.226293 0.203883 0.141092 0.050355 -0.050355 -0.141092 -0.203883 -0.226293 </div>
<div class="line">-0.226293 -0.203883 -0.141092 -0.050355 0.050355 0.141092 0.203883 0.226293 </div>
<div class="line">-0.63406 -0.571268 -0.39533 -0.141092 0.141092 0.39533 0.571268 0.63406 </div>
<div class="line">-0.916243 -0.825506 -0.571268 -0.203883 0.203883 0.571268 0.825506 0.916243 </div>
<div class="line">-1.01695 -0.916243 -0.63406 -0.226293 0.226293 0.63406 0.916243 1.01695 </div>
<div class="line">Residue error: 9.38636e-07</div>
<div class="line">Total iterations: 65</div>
<div class="line">Exact solution u_exact:</div>
<div class="line">1 0.900969 0.62349 0.222521 -0.222521 -0.62349 -0.900969 -1 </div>
<div class="line">0.900969 0.811745 0.561745 0.200484 -0.200484 -0.561745 -0.811745 -0.900969 </div>
<div class="line">0.62349 0.561745 0.38874 0.13874 -0.13874 -0.38874 -0.561745 -0.62349 </div>
<div class="line">0.222521 0.200484 0.13874 0.0495156 -0.0495156 -0.13874 -0.200484 -0.222521 </div>
<div class="line">-0.222521 -0.200484 -0.13874 -0.0495156 0.0495156 0.13874 0.200484 0.222521 </div>
<div class="line">-0.62349 -0.561745 -0.38874 -0.13874 0.13874 0.38874 0.561745 0.62349 </div>
<div class="line">-0.900969 -0.811745 -0.561745 -0.200484 0.200484 0.561745 0.811745 0.900969 </div>
<div class="line">-1 -0.900969 -0.62349 -0.222521 0.222521 0.62349 0.900969 1 </div>
<div class="line"> </div>
<div class="line">=== Running Test 9: ROBIN PARALLEL (Schwarz) ===</div>
<div class="line">Mesh points (x, y):</div>
<div class="line">(0, 0) (0.142857, 0) (0.285714, 0) (0.428571, 0) (0.571429, 0) (0.714286, 0) (0.857143, 0) (1, 0) </div>
<div class="line">(0, 0.142857) (0.142857, 0.142857) (0.285714, 0.142857) (0.428571, 0.142857) (0.571429, 0.142857) (0.714286, 0.142857) (0.857143, 0.142857) (1, 0.142857) </div>
<div class="line">(0, 0.285714) (0.142857, 0.285714) (0.285714, 0.285714) (0.428571, 0.285714) (0.571429, 0.285714) (0.714286, 0.285714) (0.857143, 0.285714) (1, 0.285714) </div>
<div class="line">(0, 0.428571) (0.142857, 0.428571) (0.285714, 0.428571) (0.428571, 0.428571) (0.571429, 0.428571) (0.714286, 0.428571) (0.857143, 0.428571) (1, 0.428571) </div>
<div class="line">(0, 0.571429) (0.142857, 0.571429) (0.285714, 0.571429) (0.428571, 0.571429) (0.571429, 0.571429) (0.714286, 0.571429) (0.857143, 0.571429) (1, 0.571429) </div>
<div class="line">(0, 0.714286) (0.142857, 0.714286) (0.285714, 0.714286) (0.428571, 0.714286) (0.571429, 0.714286) (0.714286, 0.714286) (0.857143, 0.714286) (1, 0.714286) </div>
<div class="line">(0, 0.857143) (0.142857, 0.857143) (0.285714, 0.857143) (0.428571, 0.857143) (0.571429, 0.857143) (0.714286, 0.857143) (0.857143, 0.857143) (1, 0.857143) </div>
<div class="line">(0, 1) (0.142857, 1) (0.285714, 1) (0.428571, 1) (0.571429, 1) (0.714286, 1) (0.857143, 1) (1, 1) </div>
<div class="line">Discrete solution u_h:</div>
<div class="line">1.0019 1.15523 1.33211 1.53616 1.77153 2.04301 2.3561 2.7171 </div>
<div class="line">1.15523 1.33203 1.53599 1.77127 2.04268 2.35575 2.71682 3.13324 </div>
<div class="line">1.33211 1.53599 1.7712 2.04254 2.35557 2.71665 3.13316 3.61357 </div>
<div class="line">1.53616 1.77127 2.04254 2.35551 2.71657 3.13309 3.61357 4.16783 </div>
<div class="line">1.77153 2.04269 2.35557 2.71657 3.13307 3.61356 4.16786 4.80729 </div>
<div class="line">2.04301 2.35575 2.71665 3.13309 3.61356 4.16786 4.80732 5.54501 </div>
<div class="line">2.3561 2.71682 3.13316 3.61357 4.16786 4.80732 5.54504 6.39607 </div>
<div class="line">2.7171 3.13324 3.61357 4.16783 4.80729 5.54501 6.39607 7.37785 </div>
<div class="line">Residue error: 9.78087e-07</div>
<div class="line">Total iterations: 367</div>
<div class="line">Exact solution u_exact:</div>
<div class="line">1 1.15356 1.33071 1.53506 1.77079 2.04273 2.35642 2.71828 </div>
<div class="line">1.15356 1.33071 1.53506 1.77079 2.04273 2.35642 2.71828 3.13571 </div>
<div class="line">1.33071 1.53506 1.77079 2.04273 2.35642 2.71828 3.13571 3.61725 </div>
<div class="line">1.53506 1.77079 2.04273 2.35642 2.71828 3.13571 3.61725 4.17273 </div>
<div class="line">1.77079 2.04273 2.35642 2.71828 3.13571 3.61725 4.17273 4.81352 </div>
<div class="line">2.04273 2.35642 2.71828 3.13571 3.61725 4.17273 4.81352 5.55271 </div>
<div class="line">2.35642 2.71828 3.13571 3.61725 4.17273 4.81352 5.55271 6.40541 </div>
<div class="line">2.71828 3.13571 3.61725 4.17273 4.81352 5.55271 6.40541 7.38906 </div>
<div class="line"> </div>
<div class="line">=== Running Test 10: DIRICHLET SEQUENTIAL vs PARALLEL (Jacobi) ===</div>
<div class="line">Refinement Level (n) | L2 Error (Serial) | L2 Error (Parallel) | Iterations (Serial) | Iterations (Parallel) | Time (ms, Serial) | Time (ms, Parallel) | Speedup</div>
<div class="line">8 | 0.0224216 | 0.0224216 | 115 | 115 | 0.127903 | 0.705374 | 0.181327</div>
<div class="line">16 | 0.00705013 | 0.00705013 | 484 | 484 | 2.81779 | 1.83588 | 1.53485</div>
<div class="line">32 | 0.00219087 | 0.00219087 | 1862 | 1862 | 40.3516 | 10.3313 | 3.90574</div>
<div class="line">64 | 1.92326e-05 | 1.92326e-05 | 6838 | 6838 | 609.376 | 113.708 | 5.35911</div>
<div class="line">128 | 0.00297931 | 0.00297931 | 24357 | 24357 | 8905.9 | 2167.65 | 4.10856</div>
<div class="line"> </div>
<div class="line">=== Running Test 11: NEUMANN SEQUENTIAL vs PARALLEL (Jacobi) ===</div>
<div class="line">Refinement Level (n) | L2 Error (Serial) | L2 Error (Parallel) | Iterations (Serial) | Iterations (Parallel) | Time (ms, Serial) | Time (ms, Parallel) | Speedup</div>
<div class="line">8 | 0.0288298 | 0.0288298 | 117 | 117 | 0.263287 | 1.03984 | 0.2532</div>
<div class="line">16 | 0.00799538 | 0.00799538 | 489 | 489 | 4.14442 | 2.8185 | 1.47043</div>
<div class="line">32 | 0.00234451 | 0.00234451 | 1874 | 1874 | 46.3196 | 16.0704 | 2.88229</div>
<div class="line">64 | 4.52179e-05 | 4.52179e-05 | 6863 | 6863 | 656.96 | 169.914 | 3.86642</div>
<div class="line">128 | 0.00297485 | 0.00297485 | 24408 | 24408 | 9540.64 | 1625.12 | 5.87075</div>
<div class="line"> </div>
<div class="line">=== Running Test 12: ROBIN SEQUENTIAL vs PARALLEL (Jacobi) ===</div>
<div class="line">Refinement Level (n) | L2 Error (Serial) | L2 Error (Parallel) | Iterations (Serial) | Iterations (Parallel) | Time (ms, Serial) | Time (ms, Parallel) | Speedup</div>
<div class="line">8 | 0.0114873 | 0.0114874 | 686 | 686 | 0.796436 | 2.43911 | 0.326528</div>
<div class="line">16 | 0.00338568 | 0.00338323 | 2826 | 2830 | 9.94529 | 26.9137 | 0.369526</div>
<div class="line">32 | 0.00192132 | 0.00191688 | 10813 | 10818 | 102.008 | 84.9675 | 1.20056</div>
<div class="line">64 | 0.00486434 | 0.00485938 | 39654 | 39659 | 1777.96 | 498.237 | 3.5685</div>
<div class="line">128 | 0.166917 | 0.166917 | 100000 | 100000 | 16875.3 | 3629.13 | 4.64997</div>
<div class="line"> </div>
<div class="line">=== Running Test 13: DIRICHLET SEQUENTIAL vs PARALLEL (Schwarz) ===</div>
<div class="line">Refinement Level (n) | L2 Error (Serial) | L2 Error (Parallel) | Iterations (Serial) | Iterations (Parallel) | Time (ms, Serial) | Time (ms, Parallel) | Speedup</div>
<div class="line">8 | 0.0224216 | 0.0224259 | 115 | 64 | 0.150057 | 1.03851 | 0.144492</div>
<div class="line">16 | 0.00705013 | 0.0070833 | 484 | 149 | 3.10881 | 2.47869 | 1.25422</div>
<div class="line">32 | 0.00219087 | 0.00234987 | 1862 | 394 | 48.6538 | 20.1838 | 2.41054</div>
<div class="line">64 | 1.92326e-05 | 0.000711865 | 6838 | 1175 | 559.697 | 165.39 | 3.38411</div>
<div class="line">128 | 0.00297931 | 0.000102604 | 24357 | 3743 | 8926.76 | 1880.75 | 4.7464</div>
<div class="line"> </div>
<div class="line">=== Running Test 14: NEUMANN SEQUENTIAL vs PARALLEL (Schwarz) ===</div>
<div class="line">Refinement Level (n) | L2 Error (Serial) | L2 Error (Parallel) | Iterations (Serial) | Iterations (Parallel) | Time (ms, Serial) | Time (ms, Parallel) | Speedup</div>
<div class="line">8 | 0.0288298 | 0.0288342 | 117 | 65 | 0.318529 | 10.5872 | 0.0300864</div>
<div class="line">16 | 0.00799538 | 0.00802948 | 489 | 137 | 4.15105 | 2.89251 | 1.4351</div>
<div class="line">32 | 0.00234451 | 0.00250702 | 1874 | 367 | 51.875 | 17.6518 | 2.93879</div>
<div class="line">64 | 4.52179e-05 | 0.000744086 | 6863 | 1112 | 729.591 | 172.333 | 4.23361</div>
<div class="line">128 | 0.00297485 | 8.27345e-05 | 24408 | 3621 | 9867.55 | 1967.09 | 5.01632</div>
<div class="line"> </div>
<div class="line">=== Running Test 15: ROBIN SEQUENTIAL vs PARALLEL (Schwarz) ===</div>
<div class="line">Refinement Level (n) | L2 Error (Serial) | L2 Error (Parallel) | Iterations (Serial) | Iterations (Parallel) | Time (ms, Serial) | Time (ms, Parallel) | Speedup</div>
<div class="line">8 | 0.0114873 | 0.0114708 | 686 | 367 | 0.82971 | 4.69127 | 0.176863</div>
<div class="line">16 | 0.00338568 | 0.00326322 | 2826 | 819 | 10.1786 | 12.5318 | 0.812218</div>
<div class="line">32 | 0.00192132 | 0.00114779 | 10813 | 2202 | 127.038 | 74.3448 | 1.70877</div>
<div class="line">64 | 0.00486434 | 0.000881327 | 39654 | 6642 | 1669.63 | 586.381 | 2.84736</div>
<div class="line">128 | 0.166917 | 0.00229855 | 100000 | 21376 | 17029.7 | 6106.27 | 2.78889</div>
<div class="line"> </div>
<div class="line">=== Running Test 16: DIRICHLET SEQUENTIAL (Jacobi) ===</div>
<div class="line">Mesh points (x, y):</div>
<div class="line">(0, 0) (0.142857, 0) (0.285714, 0) (0.428571, 0) (0.571429, 0) (0.714286, 0) (0.857143, 0) (1, 0) </div>
<div class="line">(0, 0.142857) (0.142857, 0.142857) (0.285714, 0.142857) (0.428571, 0.142857) (0.571429, 0.142857) (0.714286, 0.142857) (0.857143, 0.142857) (1, 0.142857) </div>
<div class="line">(0, 0.285714) (0.142857, 0.285714) (0.285714, 0.285714) (0.428571, 0.285714) (0.571429, 0.285714) (0.714286, 0.285714) (0.857143, 0.285714) (1, 0.285714) </div>
<div class="line">(0, 0.428571) (0.142857, 0.428571) (0.285714, 0.428571) (0.428571, 0.428571) (0.571429, 0.428571) (0.714286, 0.428571) (0.857143, 0.428571) (1, 0.428571) </div>
<div class="line">(0, 0.571429) (0.142857, 0.571429) (0.285714, 0.571429) (0.428571, 0.571429) (0.571429, 0.571429) (0.714286, 0.571429) (0.857143, 0.571429) (1, 0.571429) </div>
<div class="line">(0, 0.714286) (0.142857, 0.714286) (0.285714, 0.714286) (0.428571, 0.714286) (0.571429, 0.714286) (0.714286, 0.714286) (0.857143, 0.714286) (1, 0.714286) </div>
<div class="line">(0, 0.857143) (0.142857, 0.857143) (0.285714, 0.857143) (0.428571, 0.857143) (0.571429, 0.857143) (0.714286, 0.857143) (0.857143, 0.857143) (1, 0.857143) </div>
<div class="line">(0, 1) (0.142857, 1) (0.285714, 1) (0.428571, 1) (0.571429, 1) (0.714286, 1) (0.857143, 1) (1, 1) </div>
<div class="line">Discrete solution u_h:</div>
<div class="line">1 1.14286 1.28571 1.42857 1.57143 1.71429 1.85714 2 </div>
<div class="line">1.14286 1.29154 1.44606 1.60641 1.77259 1.9446 2.12245 2.30612 </div>
<div class="line">1.28571 1.44606 1.61807 1.80174 1.99708 2.20408 2.42274 2.65306 </div>
<div class="line">1.42857 1.60641 1.80174 2.01457 2.24489 2.49271 2.75801 3.04082 </div>
<div class="line">1.57143 1.77259 1.99708 2.24489 2.51603 2.81049 3.12828 3.46939 </div>
<div class="line">1.71429 1.9446 2.20408 2.49271 2.81049 3.15743 3.53353 3.93878 </div>
<div class="line">1.85714 2.12245 2.42274 2.75801 3.12828 3.53353 3.97376 4.44898 </div>
<div class="line">2 2.30612 2.65306 3.04082 3.46939 3.93878 4.44898 5 </div>
<div class="line">Residue error: 9.25545e-07</div>
<div class="line">Total iterations: 127</div>
<div class="line">Exact solution u_exact:</div>
<div class="line">1 1.14286 1.28571 1.42857 1.57143 1.71429 1.85714 2 </div>
<div class="line">1.14286 1.29155 1.44606 1.60641 1.77259 1.94461 2.12245 2.30612 </div>
<div class="line">1.28571 1.44606 1.61808 1.80175 1.99708 2.20408 2.42274 2.65306 </div>
<div class="line">1.42857 1.60641 1.80175 2.01458 2.2449 2.49271 2.75802 3.04082 </div>
<div class="line">1.57143 1.77259 1.99708 2.2449 2.51603 2.8105 3.12828 3.46939 </div>
<div class="line">1.71429 1.94461 2.20408 2.49271 2.8105 3.15743 3.53353 3.93878 </div>
<div class="line">1.85714 2.12245 2.42274 2.75802 3.12828 3.53353 3.97376 4.44898 </div>
<div class="line">2 2.30612 2.65306 3.04082 3.46939 3.93878 4.44898 5 </div>
<div class="line"> </div>
<div class="line">=== Running Test 17: NEUMANN SEQUENTIAL (Jacobi) ===</div>
<div class="line">Mesh points (x, y):</div>
<div class="line">(0, 0) (0.142857, 0) (0.285714, 0) (0.428571, 0) (0.571429, 0) (0.714286, 0) (0.857143, 0) (1, 0) </div>
<div class="line">(0, 0.142857) (0.142857, 0.142857) (0.285714, 0.142857) (0.428571, 0.142857) (0.571429, 0.142857) (0.714286, 0.142857) (0.857143, 0.142857) (1, 0.142857) </div>
<div class="line">(0, 0.285714) (0.142857, 0.285714) (0.285714, 0.285714) (0.428571, 0.285714) (0.571429, 0.285714) (0.714286, 0.285714) (0.857143, 0.285714) (1, 0.285714) </div>
<div class="line">(0, 0.428571) (0.142857, 0.428571) (0.285714, 0.428571) (0.428571, 0.428571) (0.571429, 0.428571) (0.714286, 0.428571) (0.857143, 0.428571) (1, 0.428571) </div>
